20211227	994	1	1.9142334461212158	1.6037801504135132
20211227	994	2	1.3005635738372803	0.8602787852287292
20211227	994	3	0.791081428527832	0.6597397327423096
20211227	994	4	0.5400919318199158	0.5987347364425659
20211227	994	5	0.3837195932865143	0.3307344913482666
20211227	994	6	0.3140106201171875	0.2504607141017914
20211227	994	7	0.27532312273979187	0.40667006373405457
20211227	994	8	0.22372616827487946	0.22742095589637756
20211227	994	9	0.2316771149635315	0.21472665667533875
20211227	994	10	0.16095596551895142	0.23802848160266876
20211227	994	11	0.13531212508678436	0.24365146458148956
20211227	994	12	0.16965588927268982	0.3024771213531494
20211227	994	13	0.15855053067207336	0.22348885238170624
20211227	994	14	0.12246978282928467	0.3845110833644867
20211227	994	15	0.09154234081506729	0.25265011191368103
20211227	994	16	0.10674086213111877	0.23589685559272766
20211227	994	17	0.14179417490959167	0.2835494875907898
20211227	994	18	0.09530436247587204	0.2107740193605423
20211227	994	19	0.09771040081977844	0.15285049378871918
20211227	994	20	0.07602500915527344	0.19777877628803253
20211227	994	21	0.06396914273500443	0.15911659598350525
20211227	994	22	0.05429019033908844	0.4136018753051758
20211227	994	23	0.07115756720304489	0.12317628413438797
20211227	994	24	0.03635407239198685	0.18224668502807617
20211227	994	25	0.03171143680810928	0.1292029470205307
20211227	994	26	0.08918701857328415	0.41331377625465393
20211227	994	27	0.0636541098356247	0.28145867586135864
20211227	994	28	0.04380110278725624	0.23571424186229706
20211227	994	29	0.05253620445728302	0.2825320363044739
20211227	994	30	0.040640320628881454	0.06261303275823593
20211227	994	31	0.061630729585886	0.23839426040649414
20211227	994	32	0.050247713923454285	0.17099875211715698
20211227	994	33	0.04852934926748276	0.08753529191017151
20211227	994	34	0.04790438711643219	0.187498539686203
20211227	994	35	0.05710498243570328	0.21735484898090363
20211227	994	36	0.04552977904677391	0.2462185025215149
20211227	994	37	0.073056660592556	0.2828497886657715
20211227	994	38	0.025543246418237686	0.25885775685310364
20211227	994	39	0.05689361318945885	0.16852040588855743
20211227	994	40	0.02982128970324993	0.3852750360965729
20211227	994	41	0.03950842469930649	0.3787913918495178
20211227	994	42	0.021913478150963783	0.32588741183280945
20211227	994	43	0.019452638924121857	0.13637381792068481
20211227	994	44	0.08711105585098267	0.3768686354160309
20211227	994	45	0.04931090399622917	0.2326146811246872
20211227	994	46	0.03225645422935486	0.2775169312953949
20211227	994	47	0.012477041222155094	0.17746633291244507
20211227	994	48	0.026763398200273514	0.41747212409973145
20211227	994	49	0.025104112923145294	0.1661086082458496
20211227	994	50	0.03703436627984047	0.2312382608652115
20211227	994	51	0.02401190996170044	0.16380858421325684
20211227	994	52	0.04957994073629379	0.4149594306945801
20211227	994	53	0.020268334075808525	0.37345850467681885
20211227	994	54	0.03660281375050545	0.36116480827331543
20211227	994	55	0.02312241494655609	0.5192509293556213
20211227	994	56	0.04163476824760437	0.3045642077922821
20211227	994	57	0.021309958770871162	0.26756027340888977
20211227	994	58	0.011237668804824352	0.4278387725353241
20211227	994	59	0.017391841858625412	0.11866014450788498
20211227	994	60	0.005823351908475161	0.05043984577059746
20211227	994	61	0.017822079360485077	0.20248441398143768
20211227	994	62	0.02613639645278454	0.32738491892814636
20211227	994	63	0.01855863444507122	0.19802209734916687
20211227	994	64	0.020732346922159195	0.3151790201663971
20211227	994	65	0.030392857268452644	0.23632760345935822
20211227	994	66	0.012184562161564827	0.2618395984172821
20211227	994	67	0.030485758557915688	0.5271635055541992
20211227	994	68	0.023701896890997887	0.36597728729248047
20211227	994	69	0.0070632454007864	0.3331059515476227
20211227	994	70	0.019526606425642967	0.4923712909221649
20211227	994	71	0.028231723234057426	0.42778658866882324
20211227	994	72	0.0787009745836258	0.2311892807483673
20211227	994	73	0.022058231756091118	0.2749195098876953
20211227	994	74	0.0066750734113156796	0.3380391597747803
20211227	994	75	0.014590520411729813	0.3345888555049896
20211227	994	76	0.008046270348131657	0.30514147877693176
20211227	994	77	0.045298315584659576	0.28839173913002014
20211227	994	78	0.029789701104164124	0.3634650707244873
20211227	994	79	0.022484073415398598	0.29170626401901245
20211227	994	80	0.02678932622075081	0.11089121550321579
20211227	994	81	0.03173746168613434	0.1606440395116806
20211227	994	82	0.03998798504471779	0.31852269172668457
20211227	994	83	0.029502416029572487	0.5608317255973816
20211227	994	84	0.00647902162745595	0.2823621928691864
20211227	994	85	0.006835463456809521	0.7957632541656494
20211227	994	86	0.030854178592562675	0.2575005292892456
20211227	994	87	0.01977318339049816	0.5715308785438538
20211227	994	88	0.01023265440016985	0.2304282784461975
20211227	994	89	0.0020215364638715982	0.2737814486026764
20211227	994	90	0.038325607776641846	0.379861444234848
20211227	994	91	0.015362275764346123	0.23381011188030243
20211227	994	92	0.012853325344622135	0.3128474950790405
20211227	994	93	0.01579168252646923	0.3329509496688843
20211227	994	94	0.02477077580988407	0.12734931707382202
20211227	994	95	0.0034042734187096357	0.3673005998134613
20211227	994	96	0.0038568272721022367	0.40682315826416016
20211227	994	97	0.01570986397564411	0.1505386382341385
20211227	994	98	0.006895299069583416	0.11353050917387009
20211227	994	99	0.030740952119231224	0.20533807575702667
20211227	994	100	0.0021042758598923683	0.1972992718219757
20211227	994	1	0.13829468190670013	0.010113886557519436
20211227	994	2	0.03917401283979416	0.08138274401426315
20211227	994	3	0.08376048505306244	0.0045236446894705296
20211227	994	4	0.034027449786663055	0.013112585991621017
20211227	994	5	0.045701973140239716	0.0008188936626538634
20211227	994	6	0.047747284173965454	0.0014936572406440973
20211227	994	7	0.056681882590055466	0.0045345923863351345
20211227	994	8	0.025745363906025887	0.11357340961694717
20211227	994	9	0.014730607159435749	0.016731321811676025
20211227	994	10	0.015264177694916725	0.1121768206357956
20211227	994	11	0.005429074168205261	0.12442788481712341
20211227	994	12	0.020058969035744667	0.1221747025847435
20211227	994	13	0.042395010590553284	0.1186842992901802
20211227	994	14	0.02195463515818119	0.17968161404132843
20211227	994	15	0.038896359503269196	0.01868772879242897
20211227	994	16	0.026020094752311707	0.061437103897333145
20211227	994	17	0.002525108866393566	0.06992419809103012
20211227	994	18	0.019748922437429428	0.2080824077129364
20211227	994	19	0.04677697271108627	0.006417816039174795
20211227	994	20	0.030108777806162834	0.35666266083717346
20211227	994	21	0.007359210401773453	0.11877136677503586
20211227	994	22	0.061220429837703705	0.08529315143823624
20211227	994	23	0.02034764364361763	0.1121225580573082
20211227	994	24	0.024282915517687798	0.008248517289757729
20211227	994	25	0.01532864011824131	0.08899213373661041
20211227	994	26	0.018573613837361336	0.10970140248537064
20211227	994	27	0.016532093286514282	0.25826019048690796
20211227	994	28	0.0008752060239203274	0.22004657983779907
20211227	994	29	0.026257844641804695	0.0039326511323452
20211227	994	30	0.027196235954761505	0.04402010142803192
20211227	994	31	0.014744983986020088	0.04915884882211685
20211227	994	32	0.01262904517352581	0.27072662115097046
20211227	994	33	0.01970040053129196	0.017642751336097717
20211227	994	34	0.025897512212395668	0.0788150429725647
20211227	994	35	0.013206369243562222	0.009007668122649193
20211227	994	36	0.0036051259376108646	0.02955053746700287
20211227	994	37	0.008716694079339504	0.07835214585065842
20211227	994	38	0.0013352545211091638	0.09202685207128525
20211227	994	39	0.02651963382959366	0.05950680002570152
20211227	994	40	0.032237306237220764	0.09445500373840332
20211227	994	41	0.006558749824762344	0.004770979285240173
20211227	994	42	0.01314027514308691	0.19780497252941132
20211227	994	43	0.004968359600752592	0.014018665999174118
20211227	994	44	0.00018677439948078245	0.041077401489019394
20211227	994	45	0.004417136311531067	0.03159349039196968
20211227	994	46	0.02194059081375599	0.02898114174604416
20211227	994	47	0.00993023719638586	0.12141000479459763
20211227	994	48	0.003769793314859271	0.05153375118970871
20211227	994	49	0.010422652587294579	0.04727994278073311
20211227	994	50	0.01583848148584366	0.02745015174150467
20211227	994	51	0.011705510318279266	0.28512242436408997
20211227	994	52	0.0012408599723130465	0.11636639386415482
20211227	994	53	0.02823551371693611	0.4529404640197754
20211227	994	54	0.02452206239104271	0.001863635377958417
20211227	994	55	0.005060792900621891	0.07985176891088486
20211227	994	56	0.010187518782913685	0.11177509278059006
20211227	994	57	0.007147977128624916	0.048597320914268494
20211227	994	58	0.0057925451546907425	0.04223279282450676
20211227	994	59	0.00552268885076046	0.019818445667624474
20211227	994	60	0.011010747402906418	0.16422399878501892
20211227	994	61	0.008729939348995686	0.15603844821453094
20211227	994	62	0.033087339252233505	0.3003293573856354
20211227	994	63	0.0010453779250383377	0.192036435008049
20211227	994	64	0.004582141060382128	0.031216837465763092
20211227	994	65	0.0053194183856248856	0.0945812314748764
20211227	994	66	0.009867623448371887	0.09968984872102737
20211227	994	67	0.004390612710267305	0.1508154422044754
20211227	994	68	0.015142899006605148	0.2257438749074936
20211227	994	69	0.0037408387288451195	0.05144840478897095
20211227	994	70	4.8686662921682e-05	0.33576643466949463
20211227	994	71	0.00022794587130192667	0.10015887022018433
20211227	994	72	4.935821198159829e-05	0.2706414759159088
20211227	994	73	0.017986884340643883	0.21778003871440887
20211227	994	74	0.008519871160387993	0.20723535120487213
20211227	994	75	0.010177728720009327	0.2914630174636841
20211227	994	76	0.03541095554828644	0.382978230714798
20211227	994	77	0.025509091094136238	0.0775691568851471
20211227	994	78	0.00959810335189104	0.319507360458374
20211227	994	79	0.008981618098914623	0.04043525457382202
20211227	994	80	0.0017204142641276121	0.15199978649616241
20211227	994	81	0.0096447067335248	0.09945008903741837
20211227	994	82	0.0021364178974181414	0.03757819905877113
20211227	994	83	0.01235983707010746	0.22446595132350922
20211227	994	84	0.0036758286878466606	0.05664150044322014
20211227	994	85	0.007666117511689663	0.13343732059001923
20211227	994	86	6.800062692491338e-05	0.10329800844192505
20211227	994	87	0.030122822150588036	0.1005539745092392
20211227	994	88	0.003826013533398509	0.1566021591424942
20211227	994	89	0.0013074536109343171	0.09581258893013
20211227	994	90	1.586056168889627e-05	0.18355010449886322
20211227	994	91	0.01713014580309391	0.1559855043888092
20211227	994	92	0.024175744503736496	0.029048297554254532
20211227	994	93	0.0006885783514007926	0.017744770273566246
20211227	994	94	0.00412311777472496	0.03092779964208603
20211227	994	95	0.01629447750747204	0.14840616285800934
20211227	994	96	0.004501522518694401	0.08721425384283066
20211227	994	97	0.01040465384721756	0.11376766115427017
20211227	994	98	0.012136141769587994	0.008434999734163284
20211227	994	99	0.013707947917282581	0.04900440573692322
20211227	994	100	0.012204243801534176	0.35566604137420654
20211227	992	1	0.022328320890665054	0.023232948035001755
20211227	992	2	0.020326245576143265	5.578919081017375e-05
20211227	992	3	0.018368592485785484	0.1030414029955864
20211227	992	4	0.02558177150785923	0.005029858555644751
20211227	992	5	0.0010473798029124737	0.033440183848142624
20211227	992	6	0.022044960409402847	0.04843275621533394
20211227	992	7	0.012760542333126068	0.08399277180433273
20211227	992	8	0.013173223473131657	0.01393397618085146
20211227	992	9	0.002856407081708312	2.4340257368749008e-05
20211227	992	10	0.005545882508158684	0.17839370667934418
20211227	992	11	0.002849733689799905	0.02306203916668892
20211227	992	12	0.003164365654811263	0.11600745469331741
20211227	992	13	0.004658597521483898	0.05014237016439438
20211227	992	14	0.00956015381962061	0.1730721890926361
20211227	992	15	0.012354286387562752	0.11102698743343353
20211227	992	16	0.02170446142554283	0.05214304476976395
20211227	992	17	0.03624272719025612	0.06855594366788864
20211227	992	18	0.014543800614774227	0.1283780187368393
20211227	992	19	0.009426664561033249	0.05598720908164978
20211227	992	20	0.010906017385423183	0.004697156138718128
20211227	992	21	0.01769108511507511	0.07640699297189713
20211227	992	22	0.0009223353699781001	0.0007656813249923289
20211227	992	23	0.004842407535761595	0.002474145730957389
20211227	992	24	0.023416735231876373	0.0006742540281265974
20211227	992	25	0.011863291263580322	0.04441560432314873
20211227	992	26	0.01229134202003479	0.00017024992848746479
20211227	992	27	0.0004267127951607108	0.014356791973114014
20211227	992	28	0.0007192750927060843	8.398326372116571e-07
20211227	992	29	0.0006051182863302529	0.01256847009062767
20211227	992	30	4.803869524039328e-05	0.012636905536055565
20211227	992	31	0.03114965558052063	4.671115675591864e-05
20211227	992	32	0.0017075863434001803	0.001986583461984992
20211227	992	33	0.0004700416757259518	0.03476335480809212
20211227	992	34	0.00021063047461211681	0.01679464988410473
20211227	992	35	0.008282896131277084	0.18102051317691803
20211227	992	36	0.015370559878647327	0.030167436227202415
20211227	992	37	0.005316612310707569	0.0012105959467589855
20211227	992	38	0.012207947671413422	0.2168932557106018
20211227	992	39	0.003518575569614768	2.8600845325854607e-05
20211227	992	40	3.935403219657019e-05	0.08680541813373566
20211227	992	41	0.0003634860331658274	0.058947835117578506
20211227	992	42	0.03306623548269272	0.00013581578969024122
20211227	992	43	0.00030034210067242384	0.0707768127322197
20211227	992	44	0.0075401561334729195	0.12510421872138977
20211227	992	45	0.00022004505444783717	0.34589987993240356
20211227	992	46	0.000261856330325827	0.00499521242454648
20211227	992	47	8.088891627267003e-05	0.05085238814353943
20211227	992	48	0.00016349439101759344	0.02767878957092762
20211227	992	49	0.007719614543020725	0.04927552118897438
20211227	992	50	2.500871050870046e-05	0.13339614868164062
20211227	992	51	1.9657522898341995e-06	0.09723830968141556
20211227	992	52	1.1906475947398576e-06	0.00036234306753613055
20211227	992	53	0.00017229049990419298	7.787224376443191e-07
20211227	992	54	0.006473910063505173	0.10112658888101578
20211227	992	55	3.874822868965566e-05	0.045204728841781616
20211227	992	56	0.010541241616010666	0.0007318812422454357
20211227	992	57	0.003515475895255804	0.003328335005789995
20211227	992	58	0.01912393607199192	0.020602036267518997
20211227	992	59	0.0024573523551225662	0.21859988570213318
20211227	992	60	1.826883999456186e-05	0.023268522694706917
20211227	992	61	0.0009107431978918612	0.021046580746769905
20211227	992	62	0.00026912373141385615	0.20125068724155426
20211227	992	63	4.97865657962393e-05	0.0016870687250047922
20211227	992	64	0.0014808089472353458	0.13543632626533508
20211227	992	65	0.006973870098590851	0.015696493908762932
20211227	992	66	2.3790493287378922e-05	0.052583783864974976
20211227	992	67	0.00365554541349411	0.036387018859386444
20211227	992	68	5.448166575661162e-06	0.0342431366443634
20211227	992	69	0.005740700755268335	0.09662929177284241
20211227	992	70	0.0009097264264710248	7.764137990307063e-05
20211227	992	71	0.00019126993720419705	0.007930828258395195
20211227	992	72	0.013265390880405903	0.006417502649128437
20211227	992	73	0.004452305380254984	0.005412229802459478
20211227	992	74	0.0005326751852408051	0.01976608857512474
20211227	992	75	0.010184351354837418	0.27692604064941406
20211227	992	76	0.004629647824913263	0.06161870062351227
20211227	992	77	0.01253288984298706	0.0028784414753317833
20211227	992	78	0.019055373966693878	0.0010690423659980297
20211227	992	79	0.014174367301166058	0.024965563789010048
20211227	992	80	0.006753017194569111	0.16772623360157013
20211227	992	81	0.007645737379789352	0.16314689815044403
20211227	992	82	0.0003034170367754996	0.0006477025453932583
20211227	992	83	0.002365092048421502	0.0040822988376021385
20211227	992	84	0.00021080419537611306	0.670131504535675
20211227	992	85	0.007618049159646034	0.0725637897849083
20211227	992	86	0.001915479777380824	0.008711053989827633
20211227	992	87	0.012823892757296562	0.029558958485722542
20211227	992	88	0.01344706304371357	0.06284645944833755
20211227	992	89	0.0010106244590133429	3.0770850116823567e-06
20211227	992	90	0.0010242691496387124	0.0023166753817349672
20211227	992	91	0.012429389171302319	0.01803499460220337
20211227	992	92	0.035154957324266434	0.056882601231336594
20211227	992	93	0.006705551873892546	0.011765401810407639
20211227	992	94	0.016713354736566544	0.16580995917320251
20211227	992	95	0.007687145844101906	0.040144696831703186
20211227	992	96	0.006741079967468977	0.00038683327147737145
20211227	992	97	0.005414271727204323	0.053015757352113724
20211227	992	98	0.004957946948707104	0.013454214669764042
20211227	992	99	0.00046931480756029487	0.029377028346061707
20211227	992	100	0.005834258161485195	0.01679227501153946
20220102	1020	1	0.13313336670398712	0.056383732706308365
20220102	1020	2	0.027198567986488342	0.0865265503525734
20220102	1020	3	0.004656016360968351	0.07038722932338715
20220102	1020	4	0.03863971307873726	0.042083919048309326
20220102	1020	5	0.08168517798185349	0.09353175014257431
20220102	1020	6	0.01565103605389595	0.051039088517427444
20220102	1020	7	0.011809400282800198	0.056579314172267914
20220102	1020	8	0.011263971216976643	0.03019079566001892
20220102	1020	9	0.00011061424447689205	0.01108669862151146
20220102	1020	10	0.012528156861662865	0.034247707575559616
20220102	1020	11	0.008079474791884422	0.0005448507727123797
20220102	1020	12	0.0024608829990029335	0.010639309883117676
20220102	1020	13	0.007324757054448128	0.0109581109136343
20220102	1020	14	0.018523311242461205	0.03026091493666172
20220102	1020	15	0.0075436304323375225	0.0242296252399683
20220102	1020	16	0.008083509281277657	0.12425317615270615
20220102	1020	17	0.011377212591469288	0.10944727063179016
20220102	1020	18	0.0013717056717723608	0.0009986163349822164
20220102	1020	19	0.026210090145468712	0.20496025681495667
20220102	1020	20	0.002315353602170944	0.08881661295890808
20220102	1020	21	0.010542524047195911	0.09049195051193237
20220102	1020	22	0.029801541939377785	0.0002210828970419243
20220102	1020	23	0.037470847368240356	0.046343639492988586
20220102	1020	24	0.00975577812641859	0.05826985090970993
20220102	1020	25	0.015914613381028175	0.019296735525131226
20220102	1020	26	0.015950756147503853	4.717497722594999e-05
20220102	1020	27	0.01095409132540226	0.0013108501443639398
20220102	1020	28	0.00020156994287390262	0.01739828661084175
20220102	1020	29	3.292359906481579e-05	0.013972473330795765
20220102	1020	30	0.0059999278746545315	0.07591284811496735
20220102	1020	31	0.0034259099047631025	0.12905243039131165
20220102	1020	32	0.0075420499779284	0.08864164352416992
20220102	1020	33	0.0030983758624643087	2.546069481468294e-06
20220102	1020	34	0.013672170229256153	0.021932529285550117
20220102	1020	35	0.011487019248306751	0.0320071242749691
20220102	1020	36	0.016105003654956818	0.016925403848290443
20220102	1020	37	0.030939703807234764	0.004396936856210232
20220102	1020	38	0.020704908296465874	0.14374689757823944
20220102	1020	39	0.02336788736283779	0.058048635721206665
20220102	1020	40	8.33824960864149e-05	0.0077160014770925045
20220102	1020	41	0.010234680958092213	0.13784627616405487
20220102	1020	42	0.0009058378054760396	0.11011596769094467
20220102	1020	43	0.00026862212689593434	8.738760516280308e-05
20220102	1020	44	4.4189353502588347e-05	0.044593535363674164
20220102	1020	45	0.0005970819620415568	0.020263930782675743
20220102	1020	46	0.013217789120972157	0.009609626606106758
20220102	1020	47	0.0012316578067839146	0.10169447213411331
20220102	1020	48	0.007113269064575434	0.0647783949971199
20220102	1020	49	0.00026807960239239037	0.08510424196720123
20220102	1020	50	0.038499295711517334	0.1303449422121048
20220102	1020	51	0.011349627748131752	0.09526988863945007
20220102	1020	52	0.019132321700453758	0.15050573647022247
20220102	1020	53	0.0001201139748445712	0.2210184782743454
20220102	1020	54	0.028610024601221085	0.11596526205539703
20220102	1020	55	0.024907471612095833	0.14397990703582764
20220102	1020	56	0.03340718895196915	0.0006728525622747838
20220102	1020	57	0.008884471841156483	0.05644550174474716
20220102	1020	58	0.0040369657799601555	0.00013972932356409729
20220102	1020	59	2.758682967396453e-05	0.010232273489236832
20220102	1020	60	0.0016953423619270325	0.007354784291237593
20220102	1020	61	3.2916657346504508e-06	0.00025757987168617547
20220102	1020	62	1.9441960830590688e-05	0.08616084605455399
20220102	1020	63	0.0021008532494306564	0.008781430311501026
20220102	1020	64	0.004211967345327139	0.0001598859380465001
20220102	1020	65	0.0026041483506560326	0.002379438141360879
20220102	1020	66	0.001034108572639525	0.15228720009326935
20220102	1020	67	3.2166042274184292e-06	0.00835912674665451
20220102	1020	68	8.015924686333165e-05	4.951468326908071e-06
20220102	1020	69	1.8305793219042243e-06	0.0016026673838496208
20220102	1020	70	0.013823939487338066	0.08270648866891861
20220102	1020	71	0.00021899597777519375	0.009502697736024857
20220102	1020	72	0.00017681132885627449	0.14925073087215424
20220102	1020	73	5.0341427595412824e-06	0.05283072963356972
20220102	1020	74	0.015739355236291885	0.0047653913497924805
20220102	1020	75	8.284664545499254e-06	0.02680269256234169
20220102	1020	76	0.010491623543202877	0.00017557844694238156
20220102	1020	77	0.00039754851604811847	0.030185606330633163
20220102	1020	78	0.000591039948631078	0.05815799534320831
20220102	1020	79	0.009407015517354012	0.09479162842035294
20220102	1020	80	0.00021688296692445874	0.0319472961127758
20220102	1020	81	0.00300807598978281	0.0901646614074707
20220102	1020	82	0.000566112925298512	0.06518387049436569
20220102	1020	83	0.005468824412673712	0.08147722482681274
20220102	1020	84	0.022618640214204788	0.027914386242628098
20220102	1020	85	0.008754028007388115	0.053967781364917755
20220102	1020	86	0.00019854656420648098	0.07082663476467133
20220102	1020	87	0.009896595031023026	0.08992059528827667
20220102	1020	88	0.0061573185957968235	0.0034209962468594313
20220102	1020	89	3.569730097296997e-06	0.16253843903541565
20220102	1020	90	0.005696164444088936	0.07325431704521179
20220102	1020	91	0.00033228297252207994	2.3241944290930405e-05
20220102	1020	92	0.0017944535939022899	0.0066426582634449005
20220102	1020	93	0.0007971932063810527	0.004901906941086054
20220102	1020	94	0.015063650906085968	0.1121639534831047
20220102	1020	95	0.00010799391020555049	0.0459328293800354
20220102	1020	96	2.119426881108666e-06	0.0010613169288262725
20220102	1020	97	0.005998676177114248	0.04234815761446953
20220102	1020	98	1.0440926416777074e-05	0.12322700768709183
20220102	1020	99	0.0006538390880450606	0.03279075399041176
20220102	1020	100	0.0028122777584940195	2.8080414267606102e-05
20220103	1027	1	0.0075736697763204575	0.027273014187812805
20220103	1027	2	0.0002981587022077292	1.3418348316918127e-06
20220103	1027	3	0.052245523780584335	0.007777984719723463
20220103	1027	4	0.000496464897878468	0.0016800991725176573
20220103	1027	5	0.02184581384062767	0.056486669927835464
20220103	1027	6	0.043111398816108704	9.300385863753036e-05
20220103	1027	7	0.005631002131849527	0.020980272442102432
20220103	1027	8	0.01654481142759323	0.07334601134061813
20220103	1027	9	0.01876777783036232	0.02540111169219017
20220103	1027	10	0.02527442015707493	0.00017666208441369236
20220103	1027	11	0.010595411993563175	0.09098657220602036
20220103	1027	12	0.00021407690655905753	0.0003680785303004086
20220103	1027	13	0.009947987273335457	0.006613533478230238
20220103	1027	14	0.02497320994734764	0.009299150668084621
20220103	1027	15	0.0015093459514901042	0.00022150359291117638
20220103	1027	16	0.0030973779503256083	0.05131383240222931
20220103	1027	17	0.01859034039080143	9.64211649261415e-05
20220103	1027	18	0.01630370505154133	0.00033702253131195903
20220103	1027	19	0.00966664869338274	0.007380778901278973
20220103	1027	20	0.05452139675617218	0.014019088819622993
20220103	1027	21	0.03890448436141014	0.0004983157268725336
20220103	1027	22	0.001688305870629847	0.002456406829878688
20220103	1027	23	0.010460764169692993	0.0034485042560845613
20220103	1027	24	1.043711745296605e-05	0.01660996302962303
20220103	1027	25	0.00017359583580400795	9.907405910780653e-06
20220103	1027	26	0.002951625967398286	0.06389853358268738
20220103	1027	27	0.05029238760471344	1.557434916321654e-05
20220103	1027	28	0.02565721981227398	0.08317441493272781
20220103	1027	29	0.016203496605157852	0.01947668381035328
20220103	1027	30	0.011002583429217339	0.030467931181192398
20220103	1027	31	0.0006757976952940226	0.00013832366676069796
20220103	1027	32	8.211262320401147e-05	0.002540474059060216
20220103	1027	33	4.926222754875198e-05	0.0002612552198115736
20220103	1027	34	9.658491762820631e-05	0.00011311375419609249
20220103	1027	35	0.0009035864495672286	0.016494473442435265
20220103	1027	36	0.009833618067204952	0.21994821727275848
20220103	1027	37	0.011307564564049244	0.08373173326253891
20220103	1027	38	0.021347207948565483	0.0022062824573367834
20220103	1027	39	0.008885628543794155	4.9188209061412635e-08
20220103	1027	40	3.378272595000453e-05	0.030649062246084213
20220103	1027	41	0.003562395228073001	0.0049899062141776085
20220103	1027	42	0.0058274720795452595	0.00023293361300602555
20220103	1027	43	0.04294752702116966	0.08645293116569519
20220103	1027	44	0.0006569271790795028	0.01879717782139778
20220103	1027	45	0.006680626887828112	0.003526547225192189
20220103	1027	46	0.00028457376174628735	0.01804995723068714
20220103	1027	47	7.698853005422279e-05	0.00449680769816041
20220103	1027	48	7.281726720975712e-05	0.04129670560359955
20220103	1027	49	0.005569973960518837	0.0013023768551647663
20220103	1027	50	0.008214974775910378	0.00017305622168350965
20220103	1027	51	0.012928023934364319	0.02376726269721985
20220103	1027	52	0.021313436329364777	0.0015638195909559727
20220103	1027	53	0.013066831044852734	0.006976056378334761
20220103	1027	54	0.06342308968305588	0.08956073224544525
20220103	1027	55	0.006103031802922487	0.05577155575156212
20220103	1027	56	6.098977246438153e-05	0.04197024554014206
20220103	1027	57	0.016220541670918465	0.042506009340286255
20220103	1027	58	1.7769974874681793e-05	5.855976269231178e-05
20220103	1027	59	0.0022156313061714172	9.45490101003088e-05
20220103	1027	60	0.004403389524668455	0.013610877096652985
20220103	1027	61	2.6007657652371563e-05	0.011296517215669155
20220103	1027	62	0.004432578105479479	0.00019793925457634032
20220103	1027	63	1.640359914745204e-05	1.3940386452304665e-05
20220103	1027	64	4.395820724312216e-06	0.00031301891431212425
20220103	1027	65	0.0005367088015191257	0.04896954074501991
20220103	1027	66	0.00038852141005918384	0.001014313311316073
20220103	1027	67	0.023595256730914116	0.05550169199705124
20220103	1027	68	0.007707699202001095	2.645180757099297e-06
20220103	1027	69	0.002514665015041828	0.16277842223644257
20220103	1027	70	0.027422282844781876	0.0031103859655559063
20220103	1027	71	0.013216656632721424	4.667676330427639e-05
20220103	1027	72	0.018586236983537674	0.054173294454813004
20220103	1027	73	6.341333573800512e-07	0.07446886599063873
20220103	1027	74	0.010668003931641579	0.0113529022783041
20220103	1027	75	0.000380583485821262	0.19378842413425446
20220103	1027	76	5.9328758652554825e-06	0.0008336565806530416
20220103	1027	77	3.982418547820998e-06	0.00012254121247678995
20220103	1027	78	4.892975766779273e-07	0.05347297713160515
20220103	1027	79	0.0002885537105612457	0.0002603207831270993
20220103	1027	80	0.03890785947442055	2.4484857931383885e-05
20220103	1027	81	1.7527114550830447e-06	0.06659664958715439
20220103	1027	82	0.009856781922280788	6.805183261349157e-07
20220103	1027	83	0.003530835034325719	0.0010231955675408244
20220103	1027	84	0.007301795296370983	1.324532377111609e-06
20220103	1027	85	3.0510641408909578e-06	0.007427952717989683
20220103	1027	86	0.0005396827473305166	0.03391534462571144
20220103	1027	87	8.564907147956546e-06	0.1834588646888733
20220103	1027	88	1.511544905952178e-05	0.0006127142114564776
20220103	1027	89	0.00033399657695554197	7.604865459143184e-06
20220103	1027	90	0.002618544502183795	0.07509588450193405
20220103	1027	91	0.007323483470827341	0.12366059422492981
20220103	1027	92	0.00013605353888124228	8.097365207504481e-05
20220103	1027	93	1.445189172954997e-05	6.654875761569201e-08
20220103	1027	94	8.74741526786238e-05	0.025951959192752838
20220103	1027	95	0.02530725859105587	0.038735054433345795
20220103	1027	96	0.002031183335930109	0.06289084255695343
20220103	1027	97	2.5681700208224356e-05	0.1804524064064026
20220103	1027	98	2.0819052224396728e-05	0.047716155648231506
20220103	1027	99	0.013311387971043587	1.5168166100920644e-05
20220103	1027	100	0.015307249501347542	3.273675247328356e-05
20220103	1031	1	0.0004113027825951576	0.1028144508600235
20220103	1031	2	0.0503503791987896	0.0005500081460922956
20220103	1031	3	0.019993966445326805	1.8034052118309774e-05
20220103	1031	4	0.00865903776139021	0.024541212245821953
20220103	1031	5	0.008175734430551529	0.04741952195763588
20220103	1031	6	0.07313400506973267	0.02824426256120205
20220103	1031	7	0.0066710044629871845	0.11456353962421417
20220103	1031	8	0.01064562238752842	0.07783111929893494
20220103	1031	9	0.0133879529312253	0.00045680260518565774
20220103	1031	10	0.011580073274672031	0.00046574443695135415
20220103	1031	11	0.004328760784119368	0.0009303856058977544
20220103	1031	12	0.01540358830243349	1.307867296418408e-05
20220103	1031	13	1.6348897133866558e-06	0.1945599913597107
20220103	1031	14	1.4905645912222099e-05	5.973537099634996e-06
20220103	1031	15	0.0167074017226696	4.174251444055699e-06
20220103	1031	16	0.00619556475430727	7.509115675929934e-07
20220103	1031	17	7.592097972519696e-05	0.08787350356578827
20220103	1031	18	0.009573478251695633	0.17857477068901062
20220103	1031	19	0.02128651551902294	2.9370371024128872e-08
20220103	1031	20	0.015513094142079353	0.00042038573883473873
20220103	1031	21	0.013457545079290867	0.07293325662612915
20220103	1031	22	0.00044232403161004186	0.05416348576545715
20220103	1031	23	0.007002449594438076	0.0023555555380880833
20220103	1031	24	0.00030291741131804883	0.03439166024327278
20220103	1031	25	4.6594286686740816e-06	0.06982230395078659
20220103	1031	26	0.0005906709702685475	0.00012265637633390725
20220103	1031	27	0.0022265384905040264	1.1057057491825617e-07
20220103	1031	28	0.006357874255627394	7.728885975666344e-05
20220103	1031	29	0.00014346129319164902	0.004755527712404728
20220103	1031	30	3.307850784040056e-05	0.01741606742143631
20220103	1031	31	0.002462094184011221	0.03590453416109085
20220103	1031	32	1.3943668818683363e-05	3.7242389225866646e-05
20220103	1031	33	0.004352061077952385	0.0011104722507297993
20220103	1031	34	0.016318827867507935	0.00026852841256186366
20220103	1031	35	0.014178347773849964	0.0004606093862093985
20220103	1031	36	0.0010832506231963634	0.13816142082214355
20220103	1031	37	0.0017546589951962233	0.03815888985991478
20220103	1031	38	0.000421833130531013	1.3306996606843313e-06
20220103	1031	39	0.012544074095785618	0.002872019074857235
20220103	1031	40	0.0003494037955533713	0.027620552107691765
20220103	1031	41	0.0019256238592788577	0.09501804411411285
20220103	1031	42	0.00643509067595005	0.004008496645838022
20220103	1031	43	0.04460855945944786	3.0291059260889597e-07
20220103	1031	44	2.4743123958614888e-06	0.006682778242975473
20220103	1031	45	0.00710530998185277	1.1690472945247166e-07
20220103	1031	46	0.00358325382694602	0.014875820837914944
20220103	1031	47	0.01613478921353817	0.027043577283620834
20220103	1031	48	0.0017437523929402232	0.009964365512132645
20220103	1031	49	0.009140420705080032	0.17767176032066345
20220103	1031	50	0.00403757905587554	0.0006167645915411413
20220103	1031	51	0.003580329706892371	0.011471397243440151
20220103	1031	52	3.021933116542641e-05	0.025337889790534973
20220103	1031	53	0.0002167943021049723	0.02335515432059765
20220103	1031	54	0.003147551091387868	4.0312222893135186e-08
20220103	1031	55	3.087458389927633e-05	3.4574706660350785e-05
20220103	1031	56	0.00010603227565297857	8.136694304994307e-07
20220103	1031	57	0.000350203481502831	0.0003579023468773812
20220103	1031	58	0.011396077461540699	6.09254811934079e-07
20220103	1031	59	2.5557155822752975e-05	2.0513693016255274e-05
20220103	1031	60	0.005202988628298044	0.00016559667710680515
20220103	1031	61	0.008139089681208134	0.0013433991698548198
20220103	1031	62	9.523541666567326e-05	6.147788371890783e-05
20220103	1031	63	0.00955424178391695	0.00017520668916404247
20220103	1031	64	0.0005654057604260743	5.931662983016395e-08
20220103	1031	65	0.0005889608291909099	2.879450677895079e-09
20220103	1031	66	4.000459375674836e-05	0.0275336392223835
20220103	1031	67	4.2701881284301635e-06	0.003751770593225956
20220103	1031	68	6.145977386040613e-05	0.005839901976287365
20220103	1031	69	5.272551788948476e-06	0.00569609971717
20220103	1031	70	0.0007140848319977522	8.632161438981711e-07
20220103	1031	71	2.5941935746232048e-06	0.010447854176163673
20220103	1031	72	6.926401511009317e-06	2.879451121984289e-09
20220103	1031	73	0.0001825143990572542	0.0058542522601783276
20220103	1031	74	4.458066086954204e-06	5.758901799879368e-09
20220103	1031	75	1.0560992080854703e-08	2.770006233276945e-07
20220103	1031	76	0.00010930492862826213	0.04881710931658745
20220103	1031	77	0.0073660253547132015	0.08650996536016464
20220103	1031	78	7.962564995978028e-05	4.958209274263936e-07
20220103	1031	79	0.004686875734478235	0.008642105385661125
20220103	1031	80	7.40887044230476e-05	0.037660080939531326
20220103	1031	81	7.903805112619011e-07	1.9695221453730483e-07
20220103	1031	82	0.00043970439583063126	1.0366020930518971e-08
20220103	1031	83	0.0005591342342086136	0.04491567239165306
20220103	1031	84	1.5725281343748065e-07	4.264228118699975e-05
20220103	1031	85	0.0017574497032910585	0.013321340084075928
20220103	1031	86	7.933673259685747e-06	0.021086476743221283
20220103	1031	87	0.00022193329641595483	6.74921352583624e-07
20220103	1031	88	0.010260635986924171	6.441211553465109e-06
20220103	1031	89	0.009866834618151188	2.4187356117977288e-08
20220103	1031	90	0.0014968059258535504	0.06973090022802353
20220103	1031	91	7.797714351909235e-05	0.06376185268163681
20220103	1031	92	0.023305973038077354	0.012755520641803741
20220103	1031	93	0.0017661497695371509	0.016441069543361664
20220103	1031	94	0.022449178621172905	2.0770614355569705e-05
20220103	1031	95	1.560231794428546e-05	0.04585237428545952
20220103	1031	96	0.04317222908139229	3.198866397724487e-05
20220103	1031	97	0.00894018355756998	7.774498556045728e-08
20220103	1031	98	7.584507329738699e-06	0.15526342391967773
20220103	1031	99	0.0009070629021152854	0.00012677613995037973
20220103	1031	100	1.9010913092643023e-06	0.00025765865575522184
20220109	1045	1	0.42119529843330383	0.25193801522254944
20220109	1045	2	0.06823840737342834	0.42670169472694397
20220109	1045	3	0.12514562904834747	0.17366531491279602
20220109	1045	4	0.003585321828722954	0.2849579155445099
20220109	1045	5	0.0005176624399609864	0.3288263976573944
20220109	1045	6	0.027499554678797722	0.42522281408309937
20220109	1045	7	0.08275547623634338	0.26325058937072754
20220109	1045	8	0.011649569496512413	0.49166035652160645
20220109	1045	9	0.08409658819437027	0.3831525146961212
20220109	1045	10	0.0037806727923452854	0.43939319252967834
20220109	1045	11	0.016000738367438316	0.38158145546913147
20220109	1045	12	0.0030897497199475765	0.47164979577064514
20220109	1045	13	0.05053732916712761	0.3849945366382599
20220109	1045	14	0.03138714283704758	0.3524749279022217
20220109	1045	15	0.015212062746286392	0.17871393263339996
20220109	1045	16	0.004877056926488876	0.2561223804950714
20220109	1045	17	0.031958770006895065	0.03922705724835396
20220109	1045	18	0.046961940824985504	0.32221299409866333
20220109	1045	19	0.01780647039413452	0.20761609077453613
20220109	1045	20	0.03243967518210411	0.3067958652973175
20220109	1045	21	0.02963060326874256	0.15690851211547852
20220109	1045	22	0.0008346435497514904	0.24365593492984772
20220109	1045	23	0.00015473866369575262	0.3799055516719818
20220109	1045	24	2.9328488380997442e-05	0.34800076484680176
20220109	1045	25	0.022921767085790634	0.48224061727523804
20220109	1045	26	0.03373878449201584	0.3332819640636444
20220109	1045	27	0.0013561246450990438	0.5770918726921082
20220109	1045	28	0.0034369027707725763	0.2858996093273163
20220109	1045	29	0.0003985809744335711	0.5998326539993286
20220109	1045	30	1.8862874640035443e-05	0.4457360506057739
20220109	1045	31	3.76177194993943e-05	0.02185772731900215
20220109	1045	32	7.765743248455692e-07	0.03300100937485695
20220109	1045	33	4.064532276970567e-06	0.13748186826705933
20220109	1045	34	4.505059223447461e-06	0.4417080581188202
20220109	1045	35	1.1801412256318145e-05	0.13548636436462402
20220109	1045	36	5.142785994394217e-06	0.5718607306480408
20220109	1045	37	3.77636679331772e-05	0.3537290692329407
20220109	1045	38	0.0684124231338501	0.2929259240627289
20220109	1045	39	0.00986455474048853	0.2745690643787384
20220109	1045	40	0.006203141994774342	0.5902461409568787
20220109	1045	41	0.009621522389352322	0.2959231734275818
20220109	1045	42	0.01617603935301304	0.316593199968338
20220109	1045	43	0.0066592395305633545	0.10279524326324463
20220109	1045	44	0.008041763678193092	0.22430874407291412
20220109	1045	45	9.741914982441813e-05	0.14574934542179108
20220109	1045	46	0.001693098689429462	0.20254939794540405
20220109	1045	47	0.03823104873299599	0.3698800504207611
20220109	1045	48	2.245750039264749e-07	0.16354992985725403
20220109	1045	49	0.00448484905064106	0.35181525349617004
20220109	1045	50	0.004838287364691496	0.10193275660276413
20220109	1045	51	0.00885943416506052	0.23974420130252838
20220109	1045	52	0.00580578064545989	0.394192099571228
20220109	1045	53	0.002907872200012207	0.4266444444656372
20220109	1045	54	0.008632651530206203	0.3963114619255066
20220109	1045	55	0.0002714076545089483	0.531794548034668
20220109	1045	56	0.0008130460628308356	0.004453105386346579
20220109	1045	57	0.011216781102120876	0.04555479809641838
20220109	1045	58	0.001149804680608213	0.3015941381454468
20220109	1045	59	0.014420988038182259	0.4533289074897766
20220109	1045	60	4.3365525925764814e-05	0.12764574587345123
20220109	1045	61	0.018922828137874603	0.17190465331077576
20220109	1045	62	3.8881407817825675e-05	0.05969514697790146
20220109	1045	63	1.3555142004406662e-06	0.337642103433609
20220109	1045	64	1.2773580237990245e-06	0.7411410808563232
20220109	1045	65	2.1530070171138505e-07	0.4230401813983917
20220109	1045	66	0.0003158744948450476	0.3850362300872803
20220109	1045	67	0.020347047597169876	0.3666383922100067
20220109	1045	68	2.1081302747916197e-06	0.24745306372642517
20220109	1045	69	0.00020226399647071958	0.36069169640541077
20220109	1045	70	1.5450128785232664e-06	0.4060523509979248
20220109	1045	71	1.9786725715675857e-06	0.4193016588687897
20220109	1045	72	4.596824965119595e-06	0.24809928238391876
20220109	1045	73	0.01850093901157379	0.03698061406612396
20220109	1045	74	7.045242091408e-05	0.484422504901886
20220109	1045	75	5.78571825826657e-06	0.5972870588302612
20220109	1045	76	0.010230867192149162	0.22610782086849213
20220109	1045	77	0.03882847726345062	0.09019096195697784
20220109	1045	78	0.00038581169792450964	0.41597312688827515
20220109	1045	79	0.00939895398914814	0.3221244215965271
20220109	1045	80	0.003452695906162262	0.08761332184076309
20220109	1045	81	0.0011710338294506073	0.3541886806488037
20220109	1045	82	2.4274222596432082e-05	0.19392502307891846
20220109	1045	83	3.6003377772431122e-06	0.4353439211845398
20220109	1045	84	0.0038294780533760786	0.4648049771785736
20220109	1045	85	8.248297490354162e-06	0.45847976207733154
20220109	1045	86	0.0013916059397161007	0.5360519289970398
20220109	1045	87	2.2166557300806744e-06	0.3647773861885071
20220109	1045	88	1.0565740922174882e-05	0.2816738486289978
20220109	1045	89	1.4234026821213774e-05	0.14110563695430756
20220109	1045	90	7.200908669346973e-08	0.49394160509109497
20220109	1045	91	0.0330827422440052	0.1492491513490677
20220109	1045	92	4.4349020754452795e-05	0.2803873121738434
20220109	1045	93	4.793843618244864e-05	0.15540403127670288
20220109	1045	94	0.0003224578103981912	0.40840083360671997
20220109	1045	95	0.004189664497971535	0.32731056213378906
20220109	1045	96	2.7872602004208602e-05	0.450113445520401
20220109	1045	97	0.03661523386836052	0.06265140324831009
20220109	1045	98	4.1267412598244846e-05	0.3051823079586029
20220109	1045	99	1.1779833357650205e-06	0.6550523638725281
20220109	1045	100	3.297290732007241e-06	0.2764790952205658
20220109	1064	1	0.3129202723503113	0.0770939514040947
20220109	1064	2	0.18663457036018372	0.18166837096214294
20220109	1064	3	0.0626760870218277	0.09574143588542938
20220109	1064	4	0.08659391850233078	0.25565239787101746
20220109	1064	5	0.11300690472126007	0.08829513937234879
20220109	1064	6	0.08354425430297852	0.1219550296664238
20220109	1064	7	0.017321551218628883	0.0754610076546669
20220109	1064	8	0.0420217402279377	0.03932952880859375
20220109	1064	9	0.056688856333494186	0.20752748847007751
20220109	1064	10	0.09783639758825302	0.15934345126152039
20220109	1064	11	0.08471742272377014	0.13991884887218475
20220109	1064	12	0.03220707178115845	0.2615703344345093
20220109	1064	13	0.02580219879746437	0.18531274795532227
20220109	1064	14	0.02961047552525997	0.05668983608484268
20220109	1064	15	0.04634758457541466	0.3743650019168854
20220109	1064	16	0.09662371873855591	0.17072367668151855
20220109	1064	17	0.011691226623952389	0.12022583931684494
20220109	1064	18	0.06177690997719765	0.0817517563700676
20220109	1064	19	0.036228835582733154	0.13729716837406158
20220109	1064	20	0.030747275799512863	0.2517818212509155
20220109	1064	21	0.053093601018190384	0.21659858524799347
20220109	1064	22	0.01876980997622013	0.2387264221906662
20220109	1064	23	0.028598029166460037	0.014603724703192711
20220109	1064	24	0.043961066752672195	0.01753835566341877
20220109	1064	25	0.01815974898636341	0.2372453510761261
20220109	1064	26	0.0028076067101210356	0.055830083787441254
20220109	1064	27	0.11416186392307281	0.25384342670440674
20220109	1064	28	0.020701155066490173	0.19171617925167084
20220109	1064	29	0.016635285690426826	0.01325952261686325
20220109	1064	30	0.018737033009529114	0.059106506407260895
20220109	1064	31	0.05353616923093796	0.1785285323858261
20220109	1064	32	0.05229635909199715	0.12880410254001617
20220109	1064	33	0.045635808259248734	0.12348019331693649
20220109	1064	34	0.03661922737956047	0.1261526346206665
20220109	1064	35	0.07397319376468658	0.019557660445570946
20220109	1064	36	0.0007853714050725102	0.04062950983643532
20220109	1064	37	0.0030411321204155684	0.0033321091905236244
20220109	1064	38	0.06089974567294121	0.05377785488963127
20220109	1064	39	0.021958764642477036	0.189983069896698
20220109	1064	40	0.007019746582955122	0.0779033899307251
20220109	1064	41	0.027206527069211006	0.07758846879005432
20220109	1064	42	0.03745993599295616	0.09012022614479065
20220109	1064	43	0.021608810871839523	0.11397089064121246
20220109	1064	44	0.0002957257383968681	0.0765724703669548
20220109	1064	45	0.004183996003121138	0.1349683254957199
20220109	1064	46	0.012209867127239704	0.04606187343597412
20220109	1064	47	0.010478908196091652	0.1749025136232376
20220109	1064	48	0.014507978223264217	0.08533778041601181
20220109	1064	49	0.07701732218265533	0.1600908786058426
20220109	1064	50	0.003159014508128166	0.17745597660541534
20220109	1064	51	0.04254193976521492	0.29450538754463196
20220109	1064	52	0.0300261490046978	0.07082522660493851
20220109	1064	53	0.003063708310946822	0.11709825694561005
20220109	1064	54	0.01938779652118683	0.05915399640798569
20220109	1064	55	0.0023297357838600874	0.12484630197286606
20220109	1064	56	0.011414220556616783	0.23302140831947327
20220109	1064	57	0.015776902437210083	0.1259137988090515
20220109	1064	58	0.007491464726626873	0.2399606853723526
20220109	1064	59	0.007381353992968798	0.08810228109359741
20220109	1064	60	0.0015100754098966718	0.03506515175104141
20220109	1064	61	0.006208252161741257	0.35118603706359863
20220109	1064	62	0.002729472704231739	0.05541594326496124
20220109	1064	63	0.020050136372447014	0.06425104290246964
20220109	1064	64	0.021008674055337906	0.004580886103212833
20220109	1064	65	0.008724953047931194	0.12494347244501114
20220109	1064	66	0.0007347759092226624	0.3659864068031311
20220109	1064	67	2.521804162824992e-06	0.058023929595947266
20220109	1064	68	0.023135444149374962	0.24741609394550323
20220109	1064	69	0.012455695308744907	0.015973584726452827
20220109	1064	70	0.008246631361544132	0.16508115828037262
20220109	1064	71	0.035130757838487625	0.22732019424438477
20220109	1064	72	0.00014054631174076349	0.051671769469976425
20220109	1064	73	0.014439037069678307	0.12204332649707794
20220109	1064	74	8.66270565893501e-05	0.023504164069890976
20220109	1064	75	0.00477926479652524	0.2660839259624481
20220109	1064	76	0.037847407162189484	0.1767941415309906
20220109	1064	77	0.06789401918649673	0.11895869672298431
20220109	1064	78	0.005940749775618315	0.19483447074890137
20220109	1064	79	0.005040343850851059	0.12344622611999512
20220109	1064	80	0.03165099024772644	0.24700865149497986
20220109	1064	81	0.011492439545691013	0.22753530740737915
20220109	1064	82	0.0016694373916834593	0.13520018756389618
20220109	1064	83	3.364364238223061e-05	0.3027608096599579
20220109	1064	84	0.00027738657081499696	0.26790881156921387
20220109	1064	85	0.01027677208185196	0.05965276435017586
20220109	1064	86	0.05050394684076309	0.3425303101539612
20220109	1064	87	0.00025528945843689144	0.2973670959472656
20220109	1064	88	0.02928457036614418	0.18313580751419067
20220109	1064	89	0.0296999029815197	0.1710890382528305
20220109	1064	90	5.840095582243521e-06	0.2849752902984619
20220109	1064	91	0.01336422935128212	0.3544010818004608
20220109	1064	92	0.0025720789562910795	0.1520923376083374
20220109	1064	93	2.3629738279851153e-05	0.09165075421333313
20220109	1064	94	0.004995368886739016	0.08191444724798203
20220109	1064	95	0.03009258210659027	0.46236854791641235
20220109	1064	96	0.0002961129939649254	0.3626442849636078
20220109	1064	97	0.059166379272937775	0.21183902025222778
20220109	1064	98	0.033024225383996964	0.3190555274486542
20220109	1064	99	0.0016722595319151878	0.5005737543106079
20220109	1064	100	0.010611788369715214	0.1585165113210678
