20211227	994	1	1.7934415340423584	1.4931951761245728
20211227	994	2	1.217863917350769	0.98943030834198
20211227	994	3	0.7628525495529175	0.6949854493141174
20211227	994	4	0.5437466502189636	0.6758629679679871
20211227	994	5	0.39922839403152466	0.587664783000946
20211227	994	6	0.3256669044494629	0.5040404200553894
20211227	994	7	0.27773937582969666	0.32495155930519104
20211227	994	8	0.26993921399116516	0.5307084918022156
20211227	994	9	0.2147524654865265	0.5259556174278259
20211227	994	10	0.19431759417057037	0.37568700313568115
20211227	994	11	0.1678757220506668	0.38981175422668457
20211227	994	12	0.1567533165216446	0.45208740234375
20211227	994	13	0.13237977027893066	0.5813645124435425
20211227	994	14	0.12413930892944336	0.47067686915397644
20211227	994	15	0.12148917466402054	0.40951448678970337
20211227	994	16	0.10904039442539215	0.443282812833786
20211227	994	17	0.11567851901054382	0.36369556188583374
20211227	994	18	0.119306281208992	0.5741497874259949
20211227	994	19	0.09464205056428909	0.4989252984523773
20211227	994	20	0.08462444692850113	0.3264109492301941
20211227	994	21	0.10589975863695145	0.502787709236145
20211227	994	22	0.09350882470607758	0.524318277835846
20211227	994	23	0.10328042507171631	0.5078198313713074
20211227	994	24	0.06918375939130783	0.5572022795677185
20211227	994	25	0.06697844713926315	0.454865962266922
20211227	994	26	0.07868745177984238	0.533223032951355
20211227	994	27	0.08685114979743958	0.5455742478370667
20211227	994	28	0.08973586559295654	0.4864908754825592
20211227	994	29	0.07665348798036575	0.6403396725654602
20211227	994	30	0.06477198749780655	0.3524273931980133
20211227	994	31	0.09226136654615402	0.42017173767089844
20211227	994	32	0.06671025604009628	0.47041672468185425
20211227	994	33	0.04918654263019562	0.45507320761680603
20211227	994	34	0.054619524627923965	0.6767601370811462
20211227	994	35	0.11107922345399857	0.46869534254074097
20211227	994	36	0.08115006238222122	0.4684053659439087
20211227	994	37	0.06801658123731613	0.4259278476238251
20211227	994	38	0.05333526432514191	0.39180639386177063
20211227	994	39	0.059676170349121094	0.2725055515766144
20211227	994	40	0.023331638425588608	0.39377737045288086
20211227	994	41	0.056910041719675064	0.32227325439453125
20211227	994	42	0.034375205636024475	0.3588079810142517
20211227	994	43	0.03232454136013985	0.26574140787124634
20211227	994	44	0.04580078646540642	0.5032199025154114
20211227	994	45	0.06568312644958496	0.4056412875652313
20211227	994	46	0.02721807360649109	0.41816896200180054
20211227	994	47	0.05976312980055809	0.494701623916626
20211227	994	48	0.018809068948030472	0.4662879407405853
20211227	994	49	0.052254654467105865	0.46933093667030334
20211227	994	50	0.04826781153678894	0.6941996812820435
20211227	994	51	0.0304331686347723	0.5485272407531738
20211227	994	52	0.03796470910310745	0.8208184838294983
20211227	994	53	0.05492043495178223	0.5827483534812927
20211227	994	54	0.014242400415241718	0.5130423903465271
20211227	994	55	0.04281262680888176	0.4395059645175934
20211227	994	56	0.03200699761509895	0.3999616205692291
20211227	994	57	0.017103286460042	0.6593620777130127
20211227	994	58	0.028346417471766472	0.813343346118927
20211227	994	59	0.0471353642642498	0.3443567156791687
20211227	994	60	0.022720256820321083	0.41151121258735657
20211227	994	61	0.016302330419421196	0.44452622532844543
20211227	994	62	0.039646606892347336	0.36794495582580566
20211227	994	63	0.03063424862921238	0.3813938498497009
20211227	994	64	0.03913906216621399	0.6582764983177185
20211227	994	65	0.019449153915047646	0.5544109344482422
20211227	994	66	0.02956540137529373	0.4955970048904419
20211227	994	67	0.016618629917502403	0.5700483322143555
20211227	994	68	0.01117012184113264	0.42767998576164246
20211227	994	69	0.033453866839408875	0.34671613574028015
20211227	994	70	0.02009790576994419	0.4923122823238373
20211227	994	71	0.01766963116824627	0.31613045930862427
20211227	994	72	0.03892386704683304	0.5701541900634766
20211227	994	73	0.005137980915606022	0.4595564901828766
20211227	994	74	0.05018981918692589	0.7132033109664917
20211227	994	75	0.02033885009586811	0.44500303268432617
20211227	994	76	0.037805262953042984	0.36471548676490784
20211227	994	77	0.053192753344774246	0.4209357500076294
20211227	994	78	0.01295401155948639	0.3893955647945404
20211227	994	79	0.018679121509194374	0.4873436391353607
20211227	994	80	0.023332543671131134	0.6684697866439819
20211227	994	81	0.04365689679980278	0.574193000793457
20211227	994	82	0.033236365765333176	0.35586264729499817
20211227	994	83	0.005643527489155531	0.3321409821510315
20211227	994	84	0.021449515596032143	0.4047451615333557
20211227	994	85	0.008990286849439144	0.413953959941864
20211227	994	86	0.016536694020032883	0.3895535469055176
20211227	994	87	0.030869299545884132	0.6391503214836121
20211227	994	88	0.00936643872410059	0.6304687857627869
20211227	994	89	0.014617498964071274	0.7076412439346313
20211227	994	90	0.006255590822547674	0.8538802266120911
20211227	994	91	0.023078566417098045	0.3832389712333679
20211227	994	92	0.04113544896245003	0.6671499013900757
20211227	994	93	0.045814577490091324	0.7450164556503296
20211227	994	94	0.02377157472074032	0.38267701864242554
20211227	994	95	0.027492964640259743	0.5243383646011353
20211227	994	96	0.015007670037448406	0.6271185278892517
20211227	994	97	0.026927907019853592	0.6474114060401917
20211227	994	98	0.003468009876087308	0.7307683825492859
20211227	994	99	0.012307736091315746	0.9002084136009216
20211227	994	100	0.01118635106831789	0.6554750204086304
20211227	994	1	0.17858785390853882	0.07204493135213852
20211227	994	2	0.05722904950380325	0.1610642969608307
20211227	994	3	0.08450774103403091	0.11007485538721085
20211227	994	4	0.06944095343351364	0.14597271382808685
20211227	994	5	0.0755714625120163	0.08781944960355759
20211227	994	6	0.10044831037521362	0.16487999260425568
20211227	994	7	0.05334729701280594	0.09379982203245163
20211227	994	8	0.06650672107934952	0.02922155149281025
20211227	994	9	0.04484100267291069	0.14731714129447937
20211227	994	10	0.09316717833280563	0.17504875361919403
20211227	994	11	0.06280974298715591	0.05452040582895279
20211227	994	12	0.031850460916757584	0.0730171799659729
20211227	994	13	0.07016010582447052	0.10850149393081665
20211227	994	14	0.06182558089494705	0.0635259747505188
20211227	994	15	0.05386907234787941	0.08311041444540024
20211227	994	16	0.018939606845378876	0.028738534078001976
20211227	994	17	0.03454224392771721	0.10406090319156647
20211227	994	18	0.02849927544593811	0.1698923408985138
20211227	994	19	0.0433441698551178	0.1518559753894806
20211227	994	20	0.05275615304708481	0.07641725987195969
20211227	994	21	0.02049957774579525	0.0908723697066307
20211227	994	22	0.009221450425684452	0.13739041984081268
20211227	994	23	0.020275529474020004	0.09720402956008911
20211227	994	24	0.040074314922094345	0.11967099457979202
20211227	994	25	0.006516517139971256	0.21311797201633453
20211227	994	26	0.025203421711921692	0.2973339855670929
20211227	994	27	0.00586209911853075	0.17117246985435486
20211227	994	28	0.040093470364809036	0.16105204820632935
20211227	994	29	0.01576039008796215	0.19967412948608398
20211227	994	30	0.060456909239292145	0.1770418882369995
20211227	994	31	0.03432786464691162	0.1617242693901062
20211227	994	32	0.027639219537377357	0.2559951841831207
20211227	994	33	0.019608840346336365	0.2424657642841339
20211227	994	34	0.02052184008061886	0.2044258713722229
20211227	994	35	0.02964271418750286	0.10597674548625946
20211227	994	36	0.026011917740106583	0.06385432928800583
20211227	994	37	0.02507684752345085	0.23343995213508606
20211227	994	38	0.01798984408378601	0.27771586179733276
20211227	994	39	0.017204420641064644	0.12938660383224487
20211227	994	40	0.00489379744976759	0.039890486747026443
20211227	994	41	0.05100972577929497	0.08182467520236969
20211227	994	42	0.01382005400955677	0.23450638353824615
20211227	994	43	0.026037350296974182	0.18250951170921326
20211227	994	44	0.005877465475350618	0.19273124635219574
20211227	994	45	0.015709685161709785	0.32057854533195496
20211227	994	46	0.03641405701637268	0.20344898104667664
20211227	994	47	0.0331396758556366	0.15714536607265472
20211227	994	48	0.02063089609146118	0.10406941920518875
20211227	994	49	0.012705795466899872	0.06688567250967026
20211227	994	50	0.034847479313611984	0.3206949532032013
20211227	994	51	0.005439382046461105	0.1843000054359436
20211227	994	52	0.003627074183896184	0.04569658264517784
20211227	994	53	0.010532551445066929	0.3977424204349518
20211227	994	54	0.021312382072210312	0.2288990467786789
20211227	994	55	0.023171868175268173	0.21967588365077972
20211227	994	56	0.04122909903526306	0.3079867959022522
20211227	994	57	0.024137621745467186	0.13465616106987
20211227	994	58	0.04120934382081032	0.4252936840057373
20211227	994	59	0.004413043148815632	0.16985975205898285
20211227	994	60	0.010075114667415619	0.06805510073900223
20211227	994	61	0.020264510065317154	0.09618263691663742
20211227	994	62	0.023162852972745895	0.26507264375686646
20211227	994	63	0.013978462666273117	0.26352038979530334
20211227	994	64	0.0038291707169264555	0.043649401515722275
20211227	994	65	0.07304583489894867	0.08680607378482819
20211227	994	66	0.015120884403586388	0.16110356152057648
20211227	994	67	0.00532938539981842	0.02394532598555088
20211227	994	68	0.016700182110071182	0.08798572421073914
20211227	994	69	0.0169410090893507	0.14848794043064117
20211227	994	70	0.0368431992828846	0.07546967267990112
20211227	994	71	0.01873786933720112	0.19862739741802216
20211227	994	72	0.013070357032120228	0.3418963551521301
20211227	994	73	0.0026710827369242907	0.4272316098213196
20211227	994	74	0.054338425397872925	0.07524599134922028
20211227	994	75	0.018469616770744324	0.21704532206058502
20211227	994	76	0.0028244175482541323	0.21500878036022186
20211227	994	77	0.017018485814332962	0.09500961005687714
20211227	994	78	0.027729053050279617	0.1775294542312622
20211227	994	79	0.010282034985721111	0.3013635277748108
20211227	994	80	0.012955782003700733	0.2320612072944641
20211227	994	81	0.01527903601527214	0.19849704205989838
20211227	994	82	0.010538000613451004	0.18344135582447052
20211227	994	83	0.007381737697869539	0.14815203845500946
20211227	994	84	0.015672875568270683	0.3255842924118042
20211227	994	85	0.020967330783605576	0.1008557379245758
20211227	994	86	0.02073259837925434	0.1487983763217926
20211227	994	87	0.03667010739445686	0.29286351799964905
20211227	994	88	0.012903491035103798	0.31999239325523376
20211227	994	89	0.028263956308364868	0.27865973114967346
20211227	994	90	0.025583665817975998	0.053846053779125214
20211227	994	91	0.033447377383708954	0.13611122965812683
20211227	994	92	0.004733867011964321	0.19262345135211945
20211227	994	93	0.012033275328576565	0.20697133243083954
20211227	994	94	0.0005686648073606193	0.5051921010017395
20211227	994	95	0.016615016385912895	0.26153016090393066
20211227	994	96	0.016482168808579445	0.19634179770946503
20211227	994	97	0.023205947130918503	0.14521142840385437
20211227	994	98	0.009192352183163166	0.33091771602630615
20211227	994	99	0.023512158542871475	0.12646488845348358
20211227	994	100	0.02103326842188835	0.2587420344352722
20211227	992	1	0.07960575073957443	0.0032747192308306694
20211227	992	2	0.06566815078258514	0.010878796689212322
20211227	992	3	0.03981728106737137	0.03385413438081741
20211227	992	4	0.06001005321741104	0.02170744352042675
20211227	992	5	0.008771452121436596	0.014063049107789993
20211227	992	6	0.013336149975657463	0.06557278335094452
20211227	992	7	0.04831235110759735	0.021141409873962402
20211227	992	8	0.01337815448641777	9.764877177076414e-05
20211227	992	9	0.03406587988138199	0.0001581320830155164
20211227	992	10	0.01645830273628235	0.024129817262291908
20211227	992	11	0.009572995826601982	0.0343971773982048
20211227	992	12	0.007885335013270378	0.028971049934625626
20211227	992	13	0.05032837390899658	0.02701062709093094
20211227	992	14	0.03589210659265518	0.0054854885675013065
20211227	992	15	0.030119596049189568	0.17494498193264008
20211227	992	16	0.04371136426925659	0.057734593749046326
20211227	992	17	0.027828268706798553	0.002614531898871064
20211227	992	18	0.018026238307356834	0.003717063693329692
20211227	992	19	0.012898487970232964	0.0003662996459752321
20211227	992	20	0.0009814781369641423	0.026468923315405846
20211227	992	21	0.027954241260886192	0.06860627233982086
20211227	992	22	0.022663414478302002	0.1277141124010086
20211227	992	23	0.022839674726128578	0.024357296526432037
20211227	992	24	0.007602962199598551	0.005367482081055641
20211227	992	25	0.014554384164512157	0.04992523044347763
20211227	992	26	0.024616766721010208	0.009014739654958248
20211227	992	27	0.040302880108356476	0.017001179978251457
20211227	992	28	0.004958617500960827	0.12358883768320084
20211227	992	29	0.02338528074324131	0.013875341042876244
20211227	992	30	0.012664507143199444	0.1520771086215973
20211227	992	31	0.029945729300379753	0.0327448695898056
20211227	992	32	0.0009746517753228545	0.0082177072763443
20211227	992	33	0.003361404873430729	0.020391862839460373
20211227	992	34	0.012006174772977829	0.09104165434837341
20211227	992	35	0.0011606704210862517	0.004938699305057526
20211227	992	36	0.013896231539547443	0.01963738724589348
20211227	992	37	0.0005448724259622395	0.00013421392941381782
20211227	992	38	0.035874735563993454	0.0954807922244072
20211227	992	39	0.00775789562612772	0.009679431095719337
20211227	992	40	0.0041674361564219	0.04611542448401451
20211227	992	41	0.001061340095475316	0.07373867183923721
20211227	992	42	0.021591290831565857	0.13245704770088196
20211227	992	43	0.017351368442177773	0.12719346582889557
20211227	992	44	0.023474348708987236	0.07557288557291031
20211227	992	45	0.015047292225062847	0.07215452194213867
20211227	992	46	0.009712183848023415	0.13011261820793152
20211227	992	47	0.013941037468612194	0.038632676005363464
20211227	992	48	0.021945443004369736	0.08632655441761017
20211227	992	49	0.007291145157068968	0.16049115359783173
20211227	992	50	0.03979077935218811	0.056949466466903687
20211227	992	51	0.0013197481166571379	0.025926562026143074
20211227	992	52	0.014402945525944233	0.12612545490264893
20211227	992	53	0.0015477932756766677	0.14284898340702057
20211227	992	54	0.006793924141675234	0.0653238371014595
20211227	992	55	0.009143729694187641	0.019224993884563446
20211227	992	56	0.011079763062298298	0.1907098889350891
20211227	992	57	0.013932822272181511	0.05820515379309654
20211227	992	58	0.008605415932834148	0.11075422167778015
20211227	992	59	0.0016455537406727672	0.021104343235492706
20211227	992	60	0.002569942967966199	0.043070096522569656
20211227	992	61	0.005305455066263676	0.002994406735524535
20211227	992	62	0.0032650928478688	0.06227988377213478
20211227	992	63	0.007846743799746037	0.03225647658109665
20211227	992	64	0.006148034241050482	0.15179190039634705
20211227	992	65	0.01436231005936861	0.021843038499355316
20211227	992	66	0.005861982703208923	0.0035450125578790903
20211227	992	67	0.006387578323483467	0.12185216695070267
20211227	992	68	0.020486153662204742	0.016664322465658188
20211227	992	69	0.04669227823615074	0.049858372658491135
20211227	992	70	0.005697974469512701	0.07846049964427948
20211227	992	71	0.00620521605014801	0.08475454151630402
20211227	992	72	0.021246813237667084	0.06361299753189087
20211227	992	73	0.02422090247273445	0.18067733943462372
20211227	992	74	0.009603774175047874	0.0291135273873806
20211227	992	75	0.006343040615320206	0.0018846362363547087
20211227	992	76	0.0170025285333395	0.05954577028751373
20211227	992	77	0.011130932718515396	0.05651799216866493
20211227	992	78	0.013580246828496456	0.05309341475367546
20211227	992	79	0.033255867660045624	0.0055160000920295715
20211227	992	80	0.007034582551568747	0.05793502926826477
20211227	992	81	6.34267707937397e-05	0.1475984752178192
20211227	992	82	0.009316976182162762	0.14588485658168793
20211227	992	83	0.016984200105071068	0.05309225618839264
20211227	992	84	0.0006591501296497881	0.014037658460438251
20211227	992	85	0.008355203084647655	0.03791070729494095
20211227	992	86	0.025368696078658104	0.1551680713891983
20211227	992	87	0.03290308266878128	0.04071498662233353
20211227	992	88	0.00893669668585062	0.019968215376138687
20211227	992	89	0.022445280104875565	0.10506163537502289
20211227	992	90	0.019025100395083427	0.05964714661240578
20211227	992	91	0.023358207195997238	0.019012734293937683
20211227	992	92	0.006000664085149765	0.022362977266311646
20211227	992	93	0.027482308447360992	0.0816507488489151
20211227	992	94	0.013489616103470325	0.009725769981741905
20211227	992	95	0.006275332532823086	0.02824941650032997
20211227	992	96	0.0040265703573822975	0.12055886536836624
20211227	992	97	0.022168131545186043	0.0018733309116214514
20211227	992	98	0.01766420155763626	0.040842004120349884
20211227	992	99	0.007861752063035965	0.0005142032168805599
20211227	992	100	0.004222936928272247	0.1488794982433319
20220102	1020	1	0.04383835569024086	0.02210157737135887
20220102	1020	2	0.08165932446718216	0.021406101062893867
20220102	1020	3	0.033448439091444016	8.762982179177925e-05
20220102	1020	4	0.032191164791584015	0.02584126591682434
20220102	1020	5	0.0592593215405941	0.014987829141318798
20220102	1020	6	0.03952574357390404	0.05183864012360573
20220102	1020	7	0.030970672145485878	0.0015366002917289734
20220102	1020	8	0.06832864135503769	6.677697456325404e-06
20220102	1020	9	0.03689805045723915	0.08941781520843506
20220102	1020	10	0.023814596235752106	7.776221173116937e-05
20220102	1020	11	0.006945514120161533	0.03119993768632412
20220102	1020	12	0.033356331288814545	1.0489415217307396e-05
20220102	1020	13	0.025638585910201073	6.549209501827136e-05
20220102	1020	14	0.023310579359531403	0.02059796452522278
20220102	1020	15	0.0325753390789032	0.06004560366272926
20220102	1020	16	0.015791790559887886	0.007554113864898682
20220102	1020	17	0.012777281925082207	0.007294549141079187
20220102	1020	18	0.0027095803525298834	0.03420529142022133
20220102	1020	19	0.02105332911014557	0.0021259523928165436
20220102	1020	20	0.0027034038212150335	0.00017104909056797624
20220102	1020	21	0.019149327650666237	0.011121579445898533
20220102	1020	22	0.025313926860690117	0.010468881577253342
20220102	1020	23	0.033690158277750015	0.0004569781885948032
20220102	1020	24	0.017996137961745262	0.03676924109458923
20220102	1020	25	0.06265676766633987	0.03063380718231201
20220102	1020	26	0.07381643354892731	0.03871144354343414
20220102	1020	27	0.005793362390249968	0.000748085614759475
20220102	1020	28	0.01504313200712204	0.06967129558324814
20220102	1020	29	0.02801388129591942	0.0013760620495304465
20220102	1020	30	0.07775967568159103	3.530308458721265e-05
20220102	1020	31	0.021954858675599098	0.004318891558796167
20220102	1020	32	0.036348678171634674	0.008853553794324398
20220102	1020	33	0.013509084470570087	0.08162865042686462
20220102	1020	34	0.010564358904957771	0.005349942948669195
20220102	1020	35	0.043668705970048904	0.04085111990571022
20220102	1020	36	0.005178820341825485	0.022914279252290726
20220102	1020	37	0.015460376627743244	0.013799939304590225
20220102	1020	38	0.022486453875899315	0.026358868926763535
20220102	1020	39	0.02509273774921894	0.0012877684785053134
20220102	1020	40	0.01949179917573929	0.023055359721183777
20220102	1020	41	0.04029260575771332	0.05596157908439636
20220102	1020	42	0.016796179115772247	3.0815222999081016e-05
20220102	1020	43	0.01823732815682888	0.00029656291007995605
20220102	1020	44	0.01136077381670475	1.8972499447045266e-06
20220102	1020	45	0.01416341494768858	0.03455032780766487
20220102	1020	46	0.0016052786959335208	0.029108887538313866
20220102	1020	47	0.009593051858246326	0.0010789376683533192
20220102	1020	48	0.012783610261976719	0.009255342185497284
20220102	1020	49	0.025382354855537415	0.09285750985145569
20220102	1020	50	0.0010873600840568542	0.00026513784541748464
20220102	1020	51	0.02522771805524826	0.0004647077585104853
20220102	1020	52	0.012869715690612793	2.5007369913510047e-05
20220102	1020	53	0.018364908173680305	0.03412504121661186
20220102	1020	54	0.008743396028876305	0.11014598608016968
20220102	1020	55	0.0034073141869157553	0.04197666049003601
20220102	1020	56	0.025564268231391907	0.0010528694838285446
20220102	1020	57	0.0022833957336843014	0.07183173298835754
20220102	1020	58	0.026542579755187035	0.051781199872493744
20220102	1020	59	0.01279850210994482	0.0003429367206990719
20220102	1020	60	0.026430627331137657	0.05370963364839554
20220102	1020	61	0.005162654910236597	0.03346575051546097
20220102	1020	62	0.0016417360166087747	0.13035745918750763
20220102	1020	63	0.048817481845617294	0.019963616505265236
20220102	1020	64	0.023592649027705193	5.800899089081213e-05
20220102	1020	65	0.007898799143731594	0.06618697196245193
20220102	1020	66	0.004565292503684759	0.039434727281332016
20220102	1020	67	0.008870547637343407	0.03742874041199684
20220102	1020	68	0.042461760342121124	0.11189167201519012
20220102	1020	69	0.0007698288536630571	0.0002379105135332793
20220102	1020	70	0.002945072017610073	0.005302798002958298
20220102	1020	71	0.0155562162399292	1.1196249033673666e-05
20220102	1020	72	0.0224916934967041	0.022322775796055794
20220102	1020	73	0.023716330528259277	0.00471416674554348
20220102	1020	74	0.00150053680408746	0.011431217193603516
20220102	1020	75	0.019434327259659767	0.04044920951128006
20220102	1020	76	0.018662478774785995	0.029935626313090324
20220102	1020	77	0.0016246886225417256	0.01182244811207056
20220102	1020	78	0.015711311250925064	5.129897908773273e-05
20220102	1020	79	0.014524064026772976	4.056705165567109e-06
20220102	1020	80	0.026373067870736122	0.0008417631033807993
20220102	1020	81	0.012886670418083668	0.00016105764370877296
20220102	1020	82	0.020263127982616425	0.005733799189329147
20220102	1020	83	0.0013089642161503434	0.004213287960737944
20220102	1020	84	0.03269050270318985	0.0003553082933649421
20220102	1020	85	0.01688363030552864	5.883905032533221e-05
20220102	1020	86	0.011057932861149311	0.04971076175570488
20220102	1020	87	0.019549556076526642	0.000422424083808437
20220102	1020	88	0.0031125901732593775	0.09953303635120392
20220102	1020	89	0.015141887590289116	0.03318963199853897
20220102	1020	90	0.004923659842461348	2.0997391402488574e-05
20220102	1020	91	0.009303771890699863	0.0264445748180151
20220102	1020	92	0.026357559487223625	0.0008107633329927921
20220102	1020	93	0.02909689024090767	0.06616688519716263
20220102	1020	94	0.01801261305809021	0.0009485325426794589
20220102	1020	95	0.0207673329859972	0.0007910288986749947
20220102	1020	96	0.031939826905727386	4.2740422941278666e-05
20220102	1020	97	0.004885164089500904	0.0005483391578309238
20220102	1020	98	0.030845994129776955	0.021862788125872612
20220102	1020	99	0.019576989114284515	8.981247810879722e-05
20220102	1020	100	0.008601892739534378	0.11049152910709381
20220103	1027	1	0.02872348763048649	0.02291298098862171
20220103	1027	2	0.024992089718580246	0.0006142014171928167
20220103	1027	3	0.027137940749526024	0.0006956738070584834
20220103	1027	4	0.009748012758791447	0.0005196196143515408
20220103	1027	5	0.02704021893441677	0.04755159467458725
20220103	1027	6	0.019867131486535072	0.0017372409347444773
20220103	1027	7	0.024194791913032532	0.0014167898334562778
20220103	1027	8	0.002165932906791568	0.0009334509377367795
20220103	1027	9	0.003945716191083193	0.011374183930456638
20220103	1027	10	0.020505227148532867	0.00015276404155883938
20220103	1027	11	0.005337069742381573	0.00019694062939379364
20220103	1027	12	0.007399617228657007	0.010192109271883965
20220103	1027	13	0.02595290169119835	0.012242029421031475
20220103	1027	14	0.00019192472973372787	0.004189484287053347
20220103	1027	15	0.0012574332067742944	0.10166062414646149
20220103	1027	16	0.003937516361474991	1.7816066701925592e-06
20220103	1027	17	0.008809903636574745	0.014543920755386353
20220103	1027	18	0.00946776382625103	0.045318152755498886
20220103	1027	19	0.014731340110301971	0.00010760889563243836
20220103	1027	20	0.000651900889351964	0.0002876481448765844
20220103	1027	21	0.03172493353486061	0.0015175442676991224
20220103	1027	22	0.03218679502606392	0.0005286072846502066
20220103	1027	23	0.00641483161598444	0.010837124660611153
20220103	1027	24	0.00023319368483498693	3.6293557059252635e-05
20220103	1027	25	0.000163216536748223	0.0065696570090949535
20220103	1027	26	0.006151070352643728	0.008506354875862598
20220103	1027	27	0.029366232454776764	0.0336664617061615
20220103	1027	28	0.011189703829586506	0.06301037967205048
20220103	1027	29	0.010331876575946808	0.08536890894174576
20220103	1027	30	0.015650393441319466	0.0011391419684514403
20220103	1027	31	0.010092089883983135	0.06149575486779213
20220103	1027	32	0.031375400722026825	0.0034012459218502045
20220103	1027	33	0.008458029478788376	0.08279567956924438
20220103	1027	34	3.648400161182508e-05	0.0039685009978711605
20220103	1027	35	0.010859155096113682	0.0008445972925983369
20220103	1027	36	9.242306259693578e-05	0.00036601725150831044
20220103	1027	37	0.0027588210068643093	0.0005702762282453477
20220103	1027	38	0.005553894676268101	0.06264451146125793
20220103	1027	39	0.012655065394937992	7.590935274492949e-05
20220103	1027	40	0.032674841582775116	0.0004291555378586054
20220103	1027	41	0.011687325313687325	4.1985367715824395e-05
20220103	1027	42	0.03495843708515167	0.04037758335471153
20220103	1027	43	0.000631592352874577	7.832085248082876e-05
20220103	1027	44	0.001026737387292087	0.004946100525557995
20220103	1027	45	0.014845901168882847	5.856683856109157e-05
20220103	1027	46	0.0012404044391587377	0.007185671012848616
20220103	1027	47	0.014827546663582325	0.011362269520759583
20220103	1027	48	0.007143533322960138	6.857242260593921e-05
20220103	1027	49	0.0029866837430745363	0.003016446018591523
20220103	1027	50	0.02948417142033577	0.0001842649799073115
20220103	1027	51	0.02322937548160553	0.01578528992831707
20220103	1027	52	9.381812560604885e-06	0.0423365980386734
20220103	1027	53	0.002015192760154605	0.002501580398529768
20220103	1027	54	0.009271951392292976	0.021306876093149185
20220103	1027	55	0.023901574313640594	0.1144380271434784
20220103	1027	56	0.005526605527848005	0.008018091320991516
20220103	1027	57	0.00698678195476532	0.0007939524366520345
20220103	1027	58	0.02426810748875141	0.0011240104213356972
20220103	1027	59	0.028032349422574043	0.003386627184227109
20220103	1027	60	0.006498526316136122	0.024332011118531227
20220103	1027	61	0.008295759558677673	0.030946582555770874
20220103	1027	62	0.016586381942033768	0.01923719048500061
20220103	1027	63	0.015530731528997421	0.004035497084259987
20220103	1027	64	0.01345495879650116	0.06433245539665222
20220103	1027	65	0.0038257106207311153	3.495769124128856e-05
20220103	1027	66	0.00546075077727437	0.020951148122549057
20220103	1027	67	0.02351853810250759	0.05506439134478569
20220103	1027	68	0.0005077925161458552	0.00027291697915643454
20220103	1027	69	5.117803448229097e-05	0.013300403021275997
20220103	1027	70	0.002072017639875412	0.0021804149728268385
20220103	1027	71	0.0004502251686062664	0.0007650385377928615
20220103	1027	72	0.011759914457798004	0.0003919573500752449
20220103	1027	73	0.012875855900347233	0.057289041578769684
20220103	1027	74	0.0034779042471200228	0.04923715069890022
20220103	1027	75	0.005821406841278076	0.184088334441185
20220103	1027	76	0.02089225873351097	0.1466134786605835
20220103	1027	77	0.03522628918290138	0.01880119927227497
20220103	1027	78	0.0058936020359396935	0.01741216331720352
20220103	1027	79	0.00044662709115073085	0.059600990265607834
20220103	1027	80	0.013853311538696289	2.472479536663741e-06
20220103	1027	81	0.003000197233632207	0.001797224278561771
20220103	1027	82	0.011943270452320576	0.0006624163361266255
20220103	1027	83	0.0013672014465555549	0.008032024838030338
20220103	1027	84	2.932019242507522e-06	0.1426023691892624
20220103	1027	85	0.03127173334360123	0.115726999938488
20220103	1027	86	0.018865546211600304	0.04301843047142029
20220103	1027	87	0.00352596421726048	0.000981768243946135
20220103	1027	88	1.4848957107460592e-05	0.035205673426389694
20220103	1027	89	0.007533658761531115	0.07124882936477661
20220103	1027	90	0.00614575669169426	0.002781887771561742
20220103	1027	91	4.801118848263286e-05	0.006791555788367987
20220103	1027	92	0.01088141929358244	0.018026068806648254
20220103	1027	93	0.007708519697189331	0.1284322440624237
20220103	1027	94	9.688041609479114e-05	0.04680250585079193
20220103	1027	95	0.00461273267865181	0.0001261456054635346
20220103	1027	96	0.013800356537103653	0.07059452682733536
20220103	1027	97	0.018145812675356865	0.03366786241531372
20220103	1027	98	0.016531066969037056	0.09508766978979111
20220103	1027	99	0.00034055879223160446	0.06518736481666565
20220103	1027	100	0.006378328427672386	0.02277950569987297
20220103	1031	1	0.018862364813685417	1.5318164514610544e-05
20220103	1031	2	0.017583806067705154	6.520892202388495e-05
20220103	1031	3	0.0004229233891237527	0.042131125926971436
20220103	1031	4	0.020086001604795456	7.151058980525704e-06
20220103	1031	5	0.0036343135870993137	0.005005745682865381
20220103	1031	6	0.01700335368514061	0.0004360181628726423
20220103	1031	7	0.0018567577935755253	0.00013916967145632952
20220103	1031	8	0.009474974125623703	0.0007287667831405997
20220103	1031	9	0.0037972889840602875	0.10451913625001907
20220103	1031	10	0.02296026609838009	0.04953939840197563
20220103	1031	11	0.0013629138702526689	0.009745183400809765
20220103	1031	12	0.021375013515353203	0.003633755026385188
20220103	1031	13	0.012864009477198124	0.015228591859340668
20220103	1031	14	0.00387106672860682	0.009560552425682545
20220103	1031	15	0.040542107075452805	0.0002446908038109541
20220103	1031	16	0.0008884654380381107	1.4401707630895544e-06
20220103	1031	17	0.0006466674967668951	0.004344174638390541
20220103	1031	18	0.016641661524772644	0.0029483058024197817
20220103	1031	19	0.02107011154294014	0.04800552874803543
20220103	1031	20	0.00015896787226665765	2.932433199021034e-05
20220103	1031	21	0.00923989713191986	0.00976746529340744
20220103	1031	22	0.010610382072627544	0.02106926217675209
20220103	1031	23	0.030705612152814865	0.01880282536149025
20220103	1031	24	0.03599283844232559	4.002118657808751e-05
20220103	1031	25	0.012454234063625336	0.023546559736132622
20220103	1031	26	0.006358644459396601	0.00011428555444581434
20220103	1031	27	0.00045815433259122074	1.9586339476518333e-05
20220103	1031	28	0.0008901620167307556	0.004799859598278999
20220103	1031	29	0.0026442883536219597	0.022703712806105614
20220103	1031	30	0.008782311342656612	0.00651666522026062
20220103	1031	31	0.0006616053869947791	0.0004434609436430037
20220103	1031	32	0.0002367376582697034	1.3878412801204831e-06
20220103	1031	33	0.0023610934149473906	0.013769182376563549
20220103	1031	34	0.024985773488879204	0.0492531955242157
20220103	1031	35	0.0010864923242479563	0.0008156704716384411
20220103	1031	36	0.00035729262162931263	0.052216626703739166
20220103	1031	37	0.005077078007161617	0.00021657723118551075
20220103	1031	38	0.009191024117171764	0.010045583359897137
20220103	1031	39	0.0214338768273592	0.038810357451438904
20220103	1031	40	0.0002056078374153003	1.465150580770569e-05
20220103	1031	41	0.00030815834179520607	0.0013589902082458138
20220103	1031	42	0.0009742465917952359	0.037918925285339355
20220103	1031	43	0.004668478388339281	2.372381914028665e-06
20220103	1031	44	0.0009806479793041945	0.03796006739139557
20220103	1031	45	7.97655047790613e-06	0.018976423889398575
20220103	1031	46	0.00356183759868145	7.889647690717538e-08
20220103	1031	47	0.006598365027457476	0.049688126891851425
20220103	1031	48	0.009132560342550278	2.7322312234900892e-05
20220103	1031	49	0.00906259473413229	3.360341452207649e-06
20220103	1031	50	0.0009382727439515293	0.02722267061471939
20220103	1031	51	0.00017063961422536522	0.07754483073949814
20220103	1031	52	0.0014645052142441273	1.388164673699066e-05
20220103	1031	53	0.0005418295622803271	6.407144974218681e-05
20220103	1031	54	0.0034770797938108444	0.03672879561781883
20220103	1031	55	0.014956521801650524	7.89867335697636e-05
20220103	1031	56	0.00010535690671531484	0.0005197341670282185
20220103	1031	57	0.0006696612108498812	0.01067789550870657
20220103	1031	58	0.008870722725987434	0.00021132224355824292
20220103	1031	59	0.03891421854496002	0.003325121710076928
20220103	1031	60	0.004055181052535772	0.0032563696149736643
20220103	1031	61	0.0025032737758010626	4.0599448425382434e-07
20220103	1031	62	0.00945538841187954	0.0010875181760638952
20220103	1031	63	9.65060098678805e-06	7.985369302332401e-05
20220103	1031	64	6.888904408697272e-06	2.98971172014717e-05
20220103	1031	65	0.01282319612801075	0.0657069981098175
20220103	1031	66	0.005215211305767298	0.16969701647758484
20220103	1031	67	0.00614362396299839	0.009100359864532948
20220103	1031	68	0.023620061576366425	0.06597580760717392
20220103	1031	69	0.0001672978251008317	0.05343908444046974
20220103	1031	70	0.0010989244328811765	0.05231659114360809
20220103	1031	71	0.00018750580784399062	0.012949701398611069
20220103	1031	72	0.002242609392851591	0.0025083639193326235
20220103	1031	73	1.4335472769744229e-05	0.021763425320386887
20220103	1031	74	0.016033435240387917	5.3023944929009303e-05
20220103	1031	75	0.004226452670991421	5.323858204064891e-05
20220103	1031	76	0.013642053119838238	0.0644855871796608
20220103	1031	77	0.020827408879995346	0.002220192924141884
20220103	1031	78	0.01964487135410309	7.883568855504564e-07
20220103	1031	79	4.799577800440602e-05	0.04694549739360809
20220103	1031	80	1.4759929399588145e-05	0.03821440413594246
20220103	1031	81	8.921186963561922e-05	0.0673317164182663
20220103	1031	82	0.01254513394087553	0.05243254825472832
20220103	1031	83	0.006192329339683056	0.00018844807345885783
20220103	1031	84	0.00012871187936980277	5.724153311348346e-07
20220103	1031	85	0.00408427556976676	0.05514834076166153
20220103	1031	86	0.014643463306128979	0.15595108270645142
20220103	1031	87	0.00044038129271939397	0.0016838113078847528
20220103	1031	88	6.0827263951068744e-05	3.7554102163994685e-05
20220103	1031	89	3.2383479265263304e-05	4.923806955048349e-06
20220103	1031	90	1.771440111042466e-05	0.004140588454902172
20220103	1031	91	0.023316623643040657	7.9110777733149e-06
20220103	1031	92	0.00368673843331635	0.00923021137714386
20220103	1031	93	1.6019726899685338e-05	0.0019173712935298681
20220103	1031	94	0.015186915174126625	0.031514618545770645
20220103	1031	95	0.012539654038846493	0.006867939606308937
20220103	1031	96	0.0049441359005868435	0.09133962541818619
20220103	1031	97	3.5043231036979705e-05	0.06965702772140503
20220103	1031	98	3.31096671288833e-05	0.06446976214647293
20220103	1031	99	0.012896532192826271	0.001233825460076332
20220103	1031	100	0.008704044856131077	0.15278062224388123
20220109	1045	1	0.0801948755979538	0.2998138964176178
20220109	1045	2	0.11995204538106918	0.3512694537639618
20220109	1045	3	0.0038844263181090355	0.44901183247566223
20220109	1045	4	0.0515093058347702	0.4250512719154358
20220109	1045	5	0.10729598253965378	0.16971977055072784
20220109	1045	6	0.047786545008420944	0.42675721645355225
20220109	1045	7	0.11439713835716248	0.36341238021850586
20220109	1045	8	0.07953266054391861	0.23372334241867065
20220109	1045	9	0.00017759064212441444	0.16775278747081757
20220109	1045	10	0.08412986993789673	0.2872486114501953
20220109	1045	11	0.03162512183189392	0.42466336488723755
20220109	1045	12	0.08074692636728287	0.2660684585571289
20220109	1045	13	0.023955602198839188	0.21476884186267853
20220109	1045	14	0.011235292069613934	0.1353566199541092
20220109	1045	15	0.04487023130059242	0.394477516412735
20220109	1045	16	0.06293369084596634	0.2543604075908661
20220109	1045	17	0.015563523396849632	0.03409798815846443
20220109	1045	18	0.00683028157800436	0.14679378271102905
20220109	1045	19	0.024812212213873863	0.3244772255420685
20220109	1045	20	0.02453511767089367	0.04103792831301689
20220109	1045	21	0.0035542675759643316	0.22447684407234192
20220109	1045	22	0.002834578510373831	0.19733665883541107
20220109	1045	23	0.03590576350688934	0.17011569440364838
20220109	1045	24	0.02054922841489315	0.20397210121154785
20220109	1045	25	0.04613389074802399	0.10478068143129349
20220109	1045	26	0.0002766198304016143	0.08591737598180771
20220109	1045	27	0.002481920411810279	0.19820363819599152
20220109	1045	28	0.008952014148235321	0.2590470612049103
20220109	1045	29	0.007719677407294512	0.5917985439300537
20220109	1045	30	0.0743437185883522	0.35478734970092773
20220109	1045	31	0.0530683659017086	0.25938594341278076
20220109	1045	32	0.04712530970573425	0.16535772383213043
20220109	1045	33	0.00024253148876596242	0.2625351548194885
20220109	1045	34	0.0002643936313688755	0.13625790178775787
20220109	1045	35	0.0072196233086287975	0.05530466139316559
20220109	1045	36	0.007367507088929415	0.24617870151996613
20220109	1045	37	0.029819080606102943	0.22128120064735413
20220109	1045	38	0.003943250980228186	0.017174696549773216
20220109	1045	39	0.03795669972896576	0.29908955097198486
20220109	1045	40	0.016265470534563065	0.16070497035980225
20220109	1045	41	0.027610978111624718	0.5545068979263306
20220109	1045	42	0.030705422163009644	0.19084227085113525
20220109	1045	43	0.004756444599479437	0.12183158099651337
20220109	1045	44	0.04726589843630791	0.21440821886062622
20220109	1045	45	0.006440304685384035	0.21735002100467682
20220109	1045	46	0.012391984462738037	0.07804486155509949
20220109	1045	47	0.005770336836576462	0.20563572645187378
20220109	1045	48	0.0011062425328418612	0.12788371741771698
20220109	1045	49	0.002940737409517169	0.2083689421415329
20220109	1045	50	0.033950112760066986	0.35477200150489807
20220109	1045	51	0.0017457053763791919	0.2432190179824829
20220109	1045	52	0.03244824334979057	0.16333866119384766
20220109	1045	53	0.001727282884530723	0.1640356332063675
20220109	1045	54	0.011848983354866505	0.19584745168685913
20220109	1045	55	0.017360107973217964	0.06299953162670135
20220109	1045	56	0.014919549226760864	0.16789653897285461
20220109	1045	57	0.016003938391804695	0.12312232702970505
20220109	1045	58	0.003643197938799858	0.14190270006656647
20220109	1045	59	0.00626881280913949	0.08368329703807831
20220109	1045	60	0.0002716202288866043	0.07738941162824631
20220109	1045	61	0.04848127439618111	0.07736416906118393
20220109	1045	62	0.0318279005587101	0.002681783866137266
20220109	1045	63	0.0001411609846400097	0.21888373792171478
20220109	1045	64	0.038771387189626694	0.2814961075782776
20220109	1045	65	0.034549832344055176	0.26293206214904785
20220109	1045	66	0.04539593681693077	0.15355253219604492
20220109	1045	67	0.0001558006915729493	0.17692582309246063
20220109	1045	68	0.006934193428605795	0.21198968589305878
20220109	1045	69	0.012596409767866135	0.12002003937959671
20220109	1045	70	0.004649581387639046	0.1658763736486435
20220109	1045	71	0.017490776255726814	0.045022618025541306
20220109	1045	72	0.026416711509227753	0.01480935513973236
20220109	1045	73	0.0020500505343079567	0.21893571317195892
20220109	1045	74	0.014340364374220371	0.07742687314748764
20220109	1045	75	0.005450203083455563	0.22766703367233276
20220109	1045	76	0.006193873938173056	0.210277259349823
20220109	1045	77	0.014697435311973095	0.29816266894340515
20220109	1045	78	0.0073765902779996395	0.23340514302253723
20220109	1045	79	0.006850560661405325	0.35339435935020447
20220109	1045	80	0.012613512575626373	0.27716171741485596
20220109	1045	81	0.02087423764169216	0.1434953659772873
20220109	1045	82	0.01950838603079319	0.2294662743806839
20220109	1045	83	0.022137269377708435	0.05537448823451996
20220109	1045	84	0.004268512595444918	0.12720531225204468
20220109	1045	85	0.0032648814376443624	0.2669188380241394
20220109	1045	86	0.004432251676917076	0.1362568438053131
20220109	1045	87	0.003925919067114592	0.09918790310621262
20220109	1045	88	0.022021710872650146	0.3992173671722412
20220109	1045	89	0.008586243726313114	0.18564842641353607
20220109	1045	90	0.025927186012268066	0.2544814944267273
20220109	1045	91	0.02447095885872841	0.14892959594726562
20220109	1045	92	1.4219436707207933e-05	0.2497226446866989
20220109	1045	93	0.026203004643321037	0.17525780200958252
20220109	1045	94	2.872522600227967e-05	0.22868023812770844
20220109	1045	95	0.015437877736985683	0.12381850928068161
20220109	1045	96	0.003480213927105069	0.2589496374130249
20220109	1045	97	0.001973286271095276	0.15707771480083466
20220109	1045	98	3.624672535806894e-05	0.2078072428703308
20220109	1045	99	0.004108427092432976	0.3216468393802643
20220109	1045	100	0.002698789117857814	0.2640988230705261
20220208	1047	1	0.0809742733836174	0.1815614104270935
20220208	1047	2	0.009733883664011955	0.060936685651540756
20220208	1047	3	0.031031951308250427	0.048119571059942245
20220208	1047	4	0.017898334190249443	0.04643172398209572
20220208	1047	5	0.008847984485328197	0.0008171796798706055
20220208	1047	6	0.0026711770333349705	0.001614862703718245
20220208	1047	7	0.03665880858898163	4.41630654677283e-05
20220208	1047	8	0.007449492812156677	4.7458408516831696e-05
20220208	1047	9	0.003068332327529788	0.038523007184267044
20220208	1047	10	0.008973440155386925	0.053638141602277756
20220208	1047	11	0.032250694930553436	3.950312384404242e-05
20220208	1047	12	0.0045072161592543125	0.05425518751144409
20220208	1047	13	0.0013844965724274516	0.008967267349362373
20220208	1047	14	0.005263710860162973	0.09739312529563904
20220208	1047	15	0.024812614545226097	0.002818262204527855
20220208	1047	16	0.025054259225726128	0.06764326244592667
20220208	1047	17	0.003311599837616086	0.005320784170180559
20220208	1047	18	0.004786742851138115	0.0003443448222242296
20220208	1047	19	0.0005425550625659525	1.279020398214925e-05
20220208	1047	20	0.022760795429348946	0.021011268720030785
20220208	1047	21	0.013375913724303246	0.05752727389335632
20220208	1047	22	0.018870314583182335	0.026848021894693375
20220208	1047	23	0.018604829907417297	2.355542528675869e-05
20220208	1047	24	0.00289393519051373	0.016771258786320686
20220208	1047	25	0.0079488605260849	0.02089933305978775
20220208	1047	26	0.005888085346668959	0.03935813158750534
20220208	1047	27	0.013160599395632744	0.11949621140956879
20220208	1047	28	0.0033356400672346354	0.056076813489198685
20220208	1047	29	0.008746031671762466	0.07430671155452728
20220208	1047	30	0.00044218942639417946	0.0009220100473612547
20220208	1047	31	0.0006074228440411389	0.050026603043079376
20220208	1047	32	0.00011797869956353679	0.03852526843547821
20220208	1047	33	0.012873630970716476	0.00426599383354187
20220208	1047	34	0.03669239580631256	0.13666336238384247
20220208	1047	35	0.022048216313123703	0.0016487562097609043
20220208	1047	36	0.0005519408150576055	0.0044627622701227665
20220208	1047	37	0.005651780404150486	0.025067636743187904
20220208	1047	38	0.002116649178788066	4.114385228604078e-05
20220208	1047	39	0.008335402235388756	0.019264694303274155
20220208	1047	40	0.04073140397667885	0.08516665548086166
20220208	1047	41	0.001709695323370397	0.012401930056512356
20220208	1047	42	3.183087028446607e-05	0.12161983549594879
20220208	1047	43	0.004255390726029873	0.00025010050740092993
20220208	1047	44	0.006808479782193899	0.007579989731311798
20220208	1047	45	0.010110761970281601	0.0018111247336491942
20220208	1047	46	0.022006535902619362	0.004537105560302734
20220208	1047	47	0.008606423623859882	0.018792176619172096
20220208	1047	48	0.0033934260718524456	0.09470666199922562
20220208	1047	49	0.00839763879776001	0.009486069902777672
20220208	1047	50	0.01198745146393776	0.010676243342459202
20220208	1047	51	0.010850757360458374	0.0008176240371540189
20220208	1047	52	0.025207508355379105	0.043278634548187256
20220208	1047	53	0.01899411343038082	0.01748828962445259
20220208	1047	54	0.0003653521416708827	0.0003777419915422797
20220208	1047	55	0.0009382216958329082	0.047919146716594696
20220208	1047	56	0.0037371853832155466	0.05026303231716156
20220208	1047	57	0.05897342041134834	0.07015172392129898
20220208	1047	58	0.004631369840353727	0.006307562347501516
20220208	1047	59	0.015599939040839672	0.04293461889028549
20220208	1047	60	0.0071302843280136585	0.004175808280706406
20220208	1047	61	0.003925619646906853	0.04063494876027107
20220208	1047	62	0.0009787019807845354	0.017558235675096512
20220208	1047	63	0.034106913954019547	0.11849963665008545
20220208	1047	64	0.0003156354068778455	0.12035327404737473
20220208	1047	65	0.000687234103679657	0.042825985699892044
20220208	1047	66	0.00011493193596834317	0.013320079073309898
20220208	1047	67	0.0033616297878324986	4.02895275328774e-05
20220208	1047	68	0.011089569889008999	0.07034645974636078
20220208	1047	69	1.2317983646426e-06	0.10712682455778122
20220208	1047	70	3.871447916026227e-06	0.023471258580684662
20220208	1047	71	0.00028249193564988673	0.06420367956161499
20220208	1047	72	0.0017606273759156466	0.002833762438967824
20220208	1047	73	0.008155811578035355	0.008792315609753132
20220208	1047	74	1.5183725736278575e-05	0.0505012571811676
20220208	1047	75	0.001861781463958323	0.19493642449378967
20220208	1047	76	0.011938555166125298	2.019639032369014e-05
20220208	1047	77	0.026281842961907387	0.00028837641002610326
20220208	1047	78	0.0005543688894249499	0.06659848988056183
20220208	1047	79	0.026340914890170097	0.014004934579133987
20220208	1047	80	0.021939005702733994	1.0950059731840156e-05
20220208	1047	81	5.299347685649991e-05	0.001476698787882924
20220208	1047	82	0.00713002122938633	0.0036525456234812737
20220208	1047	83	0.00036662217462435365	0.006987581495195627
20220208	1047	84	0.013122242875397205	0.03986326977610588
20220208	1047	85	0.000359261961420998	4.893621280643856e-06
20220208	1047	86	0.0010600063251331449	0.22290858626365662
20220208	1047	87	0.003771246410906315	0.037557996809482574
20220208	1047	88	7.808733789715916e-05	0.06929228454828262
20220208	1047	89	0.002146973041817546	0.0366145558655262
20220208	1047	90	0.005607376340776682	0.022480342537164688
20220208	1047	91	0.005161114037036896	0.0939951241016388
20220208	1047	92	0.043696507811546326	0.0962696373462677
20220208	1047	93	0.0022642482072114944	0.00321190501563251
20220208	1047	94	0.005469322204589844	0.0003969430981669575
20220208	1047	95	0.0015071743400767446	0.009370792657136917
20220208	1047	96	0.0006816040840931237	1.8624221411300823e-05
20220208	1047	97	0.019621875137090683	0.11343719810247421
20220208	1047	98	0.0032269232906401157	0.003015592461451888
20220208	1047	99	0.0014193319948390126	0.011575490236282349
20220208	1047	100	0.007008531596511602	0.006179632619023323
20220209	1066	1	0.18366621434688568	0.2491615265607834
20220209	1066	2	0.15035729110240936	0.16738606989383698
20220209	1066	3	0.04252522438764572	0.21346622705459595
20220209	1066	4	0.03478793427348137	0.012695410288870335
20220209	1066	5	0.0697689801454544	0.18422560393810272
20220209	1066	6	0.026298878714442253	0.22432689368724823
20220209	1066	7	0.036661822348833084	0.16683584451675415
20220209	1066	8	0.051011282950639725	0.27918317914009094
20220209	1066	9	0.005541785154491663	0.12531347572803497
20220209	1066	10	0.017122775316238403	0.09529782086610794
20220209	1066	11	0.030165454372763634	0.08033885806798935
20220209	1066	12	0.020900456234812737	0.0084960563108325
20220209	1066	13	0.07048789411783218	0.0725262388586998
20220209	1066	14	0.011266340501606464	0.08125288039445877
20220209	1066	15	0.01698889769613743	0.22038720548152924
20220209	1066	16	0.029159951955080032	0.18234308063983917
20220209	1066	17	0.0038295669946819544	0.020990770310163498
20220209	1066	18	0.014780068770051003	0.2356601357460022
20220209	1066	19	0.03490421175956726	0.3086917996406555
20220209	1066	20	0.00046859271242283285	2.197021785832476e-05
20220209	1066	21	0.008540486916899681	0.08632148057222366
20220209	1066	22	0.020289352163672447	0.21131467819213867
20220209	1066	23	0.028727423399686813	0.11624129116535187
20220209	1066	24	0.03526363521814346	0.213956817984581
20220209	1066	25	0.026537450030446053	0.15051747858524323
20220209	1066	26	0.022256428375840187	0.13155794143676758
20220209	1066	27	0.025263354182243347	0.18785253167152405
20220209	1066	28	0.0014851402956992388	0.03666948527097702
20220209	1066	29	0.041162002831697464	0.09783640503883362
20220209	1066	30	0.02773161605000496	0.07030987739562988
20220209	1066	31	0.03706450015306473	0.31126120686531067
20220209	1066	32	0.039581481367349625	0.40541017055511475
20220209	1066	33	0.06919338554143906	0.18697859346866608
20220209	1066	34	0.008353939279913902	0.09200669825077057
20220209	1066	35	0.016231771558523178	0.09153296798467636
20220209	1066	36	0.020096305757761	0.17400798201560974
20220209	1066	37	0.011284111067652702	0.03528212010860443
20220209	1066	38	0.0486786887049675	0.11092963814735413
20220209	1066	39	0.013889435678720474	0.23059828579425812
20220209	1066	40	0.00974108837544918	0.1650789976119995
20220209	1066	41	0.004518399015069008	0.0017442028038203716
20220209	1066	42	0.015475768595933914	0.025205934420228004
20220209	1066	43	0.011390870437026024	0.11705389618873596
20220209	1066	44	0.02202792651951313	0.06948402523994446
20220209	1066	45	0.016604110598564148	0.24415215849876404
20220209	1066	46	0.004295553080737591	0.12977178394794464
20220209	1066	47	0.0052583361975848675	0.1929435431957245
20220209	1066	48	0.0038678657729178667	0.37196826934814453
20220209	1066	49	0.006072767544537783	0.12427560240030289
20220209	1066	50	0.007499693892896175	0.1062505692243576
20220209	1066	51	0.00985121913254261	0.21534740924835205
20220209	1066	52	0.03523249924182892	0.27649256587028503
20220209	1066	53	0.01182583812624216	0.1252650022506714
20220209	1066	54	0.04258542135357857	0.3517775535583496
20220209	1066	55	0.006376233417540789	0.02232235111296177
20220209	1066	56	0.016447780653834343	0.12016013264656067
20220209	1066	57	0.011241994798183441	0.08873618394136429
20220209	1066	58	0.03508007526397705	0.11057472229003906
20220209	1066	59	0.00921038817614317	0.06571701169013977
20220209	1066	60	0.034148987382650375	0.2246391624212265
20220209	1066	61	0.021258283406496048	0.10113390535116196
20220209	1066	62	0.015690715983510017	0.3498609662055969
20220209	1066	63	0.031747668981552124	0.18674692511558533
20220209	1066	64	0.008785867132246494	0.10505110025405884
20220209	1066	65	0.0005522944265976548	0.255144864320755
20220209	1066	66	0.003645980032160878	0.21168534457683563
20220209	1066	67	0.0033731390722095966	0.07212146371603012
20220209	1066	68	0.02573242038488388	0.3426290452480316
20220209	1066	69	0.020365284755825996	0.24677927792072296
20220209	1066	70	0.005472247954457998	0.21203747391700745
20220209	1066	71	0.00684503884986043	0.29693326354026794
20220209	1066	72	0.008768286556005478	0.22053879499435425
20220209	1066	73	0.008521944284439087	0.23623152077198029
20220209	1066	74	0.004870580509305	0.30026566982269287
20220209	1066	75	0.0005090036429464817	0.47562068700790405
20220209	1066	76	0.009982863441109657	0.16547554731369019
20220209	1066	77	0.022216863930225372	0.24081237614154816
20220209	1066	78	0.0005691917613148689	0.1612929403781891
20220209	1066	79	0.0024480053689330816	0.15585684776306152
20220209	1066	80	0.016881337389349937	0.28029754757881165
20220209	1066	81	0.0007467778050340712	0.46564432978630066
20220209	1066	82	0.003122835187241435	0.17199601233005524
20220209	1066	83	0.00309254159219563	0.10642613470554352
20220209	1066	84	0.012991872616112232	0.1889992505311966
20220209	1066	85	0.006131448317319155	0.28617388010025024
20220209	1066	86	0.02118030935525894	0.13382801413536072
20220209	1066	87	0.02658138796687126	0.11691465228796005
20220209	1066	88	0.011316267773509026	0.31208306550979614
20220209	1066	89	0.0041714138351380825	0.14627644419670105
20220209	1066	90	0.06216295063495636	0.14586025476455688
20220209	1066	91	0.000695672060828656	0.11823639273643494
20220209	1066	92	0.007923431694507599	0.12212161719799042
20220209	1066	93	0.026690227910876274	0.035570405423641205
20220209	1066	94	0.002197294495999813	0.16124044358730316
20220209	1066	95	0.017845518887043	0.03486316651105881
20220209	1066	96	0.019912322983145714	0.10228324681520462
20220209	1066	97	0.00925618875771761	0.24365578591823578
20220209	1066	98	0.02460293099284172	0.009163465350866318
20220209	1066	99	0.003174304962158203	0.017885921522974968
20220209	1066	100	0.012494451366364956	0.06430301815271378
