20211227	994	1	1.8197184801101685	1.5219037532806396
20211227	994	2	1.1513360738754272	0.7482390403747559
20211227	994	3	0.6450014710426331	0.6889398694038391
20211227	994	4	0.4303390085697174	0.4971059560775757
20211227	994	5	0.3457593619823456	0.4492713212966919
20211227	994	6	0.3027364909648895	0.4981812834739685
20211227	994	7	0.25025129318237305	0.45564937591552734
20211227	994	8	0.18055038154125214	0.5797809958457947
20211227	994	9	0.17158488929271698	0.5211608409881592
20211227	994	10	0.1475428342819214	0.25708574056625366
20211227	994	11	0.16643641889095306	0.39586925506591797
20211227	994	12	0.14140741527080536	0.33718782663345337
20211227	994	13	0.11107593029737473	0.475280225276947
20211227	994	14	0.11177606880664825	0.34489506483078003
20211227	994	15	0.07788141816854477	0.3758326768875122
20211227	994	16	0.08610327541828156	0.3328862488269806
20211227	994	17	0.09572777152061462	0.37811899185180664
20211227	994	18	0.061702921986579895	0.36483895778656006
20211227	994	19	0.07306447625160217	0.5201979875564575
20211227	994	20	0.047194186598062515	0.2843337059020996
20211227	994	21	0.09921888262033463	0.33870136737823486
20211227	994	22	0.07212590426206589	0.4101119637489319
20211227	994	23	0.06676045805215836	0.30139151215553284
20211227	994	24	0.042642366141080856	0.46694692969322205
20211227	994	25	0.04435211420059204	0.494436115026474
20211227	994	26	0.0684477910399437	0.30175504088401794
20211227	994	27	0.03697698935866356	0.5782462358474731
20211227	994	28	0.019862841814756393	0.4944317936897278
20211227	994	29	0.03461553528904915	0.4451685845851898
20211227	994	30	0.02848603017628193	0.38334640860557556
20211227	994	31	0.04183831065893173	0.280335396528244
20211227	994	32	0.017598822712898254	0.42255792021751404
20211227	994	33	0.030543040484189987	0.6267284750938416
20211227	994	34	0.05150969699025154	0.41226714849472046
20211227	994	35	0.023989355191588402	0.42833802103996277
20211227	994	36	0.020225422456860542	0.36385759711265564
20211227	994	37	0.02313832938671112	0.5613047480583191
20211227	994	38	0.042336564511060715	0.3822473883628845
20211227	994	39	0.03365616500377655	0.4409042298793793
20211227	994	40	0.04179028794169426	0.790044903755188
20211227	994	41	0.03404276445508003	0.4058445990085602
20211227	994	42	0.015466081909835339	0.5525556802749634
20211227	994	43	0.011272181756794453	0.4653972387313843
20211227	994	44	0.024014843627810478	0.43556374311447144
20211227	994	45	0.03634785860776901	0.28336265683174133
20211227	994	46	0.05825825408101082	0.34267115592956543
20211227	994	47	0.013267741538584232	0.7129876017570496
20211227	994	48	0.026377780362963676	0.34618228673934937
20211227	994	49	0.019222738221287727	0.5218654870986938
20211227	994	50	0.0038502966053783894	0.9796993136405945
20211227	994	51	0.005480565596371889	0.3798190951347351
20211227	994	52	0.006147752515971661	0.6746350526809692
20211227	994	53	0.023334892466664314	0.9031946659088135
20211227	994	54	0.04977511614561081	0.8898156881332397
20211227	994	55	0.027488278225064278	0.37817224860191345
20211227	994	56	0.004321449436247349	0.526978075504303
20211227	994	57	0.016712749376893044	0.3503250181674957
20211227	994	58	0.04406971484422684	0.8529165387153625
20211227	994	59	0.052876561880111694	0.6802359223365784
20211227	994	60	0.0061719282530248165	0.5504891276359558
20211227	994	61	0.003467286005616188	0.5645249485969543
20211227	994	62	0.026652440428733826	0.7983566522598267
20211227	994	63	0.007421285845339298	1.1031043529510498
20211227	994	64	0.012778338976204395	0.7117756009101868
20211227	994	65	0.042763836681842804	0.45224815607070923
20211227	994	66	0.028772810474038124	0.7032778263092041
20211227	994	67	0.012491263449192047	0.762183666229248
20211227	994	68	0.022218113765120506	0.6491058468818665
20211227	994	69	0.006061934866011143	0.9088010787963867
20211227	994	70	0.0377044714987278	0.6969695091247559
20211227	994	71	0.0156867653131485	0.607569694519043
20211227	994	72	0.007002424914389849	0.29210907220840454
20211227	994	73	0.005302466917783022	0.5281020402908325
20211227	994	74	0.008447077125310898	0.7625582218170166
20211227	994	75	0.012630954384803772	0.6451908349990845
20211227	994	76	0.021543946117162704	0.6838842630386353
20211227	994	77	0.004096067976206541	0.7262643575668335
20211227	994	78	0.012699352577328682	0.3781687915325165
20211227	994	79	0.031770337373018265	0.47742894291877747
20211227	994	80	0.017166798934340477	0.5615473389625549
20211227	994	81	0.024705396965146065	0.5449345111846924
20211227	994	82	0.013718445785343647	0.7455931901931763
20211227	994	83	0.012621735222637653	0.9612786173820496
20211227	994	84	0.024238871410489082	1.0427967309951782
20211227	994	85	0.012440522201359272	0.5253696441650391
20211227	994	86	0.02472449652850628	0.5543392896652222
20211227	994	87	0.014111127704381943	0.6533616185188293
20211227	994	88	0.011470885947346687	0.7973467111587524
20211227	994	89	0.011686453595757484	0.7033219337463379
20211227	994	90	0.01754704676568508	0.7730801105499268
20211227	994	91	0.017813097685575485	0.7593557238578796
20211227	994	92	0.005296776536852121	0.9250710010528564
20211227	994	93	0.027498342096805573	0.4615650177001953
20211227	994	94	0.0053308578208088875	0.3415224850177765
20211227	994	95	0.023953506723046303	0.6671165823936462
20211227	994	96	0.00656725512817502	0.7160657048225403
20211227	994	97	0.012814393267035484	0.3060365915298462
20211227	994	98	0.004253341816365719	0.5344119668006897
20211227	994	99	0.012592901475727558	0.6059744954109192
20211227	994	100	0.004701254423707724	0.8174760341644287
20211227	994	1	0.2069140523672104	0.00979300681501627
20211227	994	2	0.23057661950588226	0.009670371189713478
20211227	994	3	0.0956939086318016	0.041727419942617416
20211227	994	4	0.11278026551008224	0.005418845918029547
20211227	994	5	0.042705655097961426	0.006404913030564785
20211227	994	6	0.03187499940395355	0.005382407456636429
20211227	994	7	0.09786280244588852	0.0029261773452162743
20211227	994	8	0.04188599810004234	0.024497054517269135
20211227	994	9	0.06526511162519455	0.09636535495519638
20211227	994	10	0.0161119531840086	0.04756370186805725
20211227	994	11	0.044856347143650055	0.04350746050477028
20211227	994	12	0.02537749707698822	0.0004886331735178828
20211227	994	13	0.009886550717055798	0.0756707638502121
20211227	994	14	0.018828850239515305	0.019572129473090172
20211227	994	15	0.0365343876183033	0.04482816159725189
20211227	994	16	0.03845018893480301	0.03843722864985466
20211227	994	17	0.0036790526937693357	0.05148516595363617
20211227	994	18	0.06619322299957275	0.06315329670906067
20211227	994	19	0.0408133789896965	0.05688466876745224
20211227	994	20	0.01563371904194355	0.04827547445893288
20211227	994	21	0.018325572833418846	0.04506624490022659
20211227	994	22	0.02110183797776699	0.05320557579398155
20211227	994	23	0.0057320427149534225	0.03379913419485092
20211227	994	24	0.01156831905245781	0.005541638005524874
20211227	994	25	0.015021887607872486	0.14867858588695526
20211227	994	26	0.006849503610283136	0.01849445141851902
20211227	994	27	0.028297318145632744	0.11126125603914261
20211227	994	28	0.011613093316555023	0.08119551837444305
20211227	994	29	0.015302890911698341	0.014800195582211018
20211227	994	30	0.028469407930970192	0.0018702744273468852
20211227	994	31	0.028177009895443916	0.0947246178984642
20211227	994	32	0.017287155613303185	0.02877788618206978
20211227	994	33	0.044669922441244125	0.04299513250589371
20211227	994	34	0.018835240975022316	0.057167455554008484
20211227	994	35	0.017174994572997093	0.05235641822218895
20211227	994	36	0.022758865728974342	0.03768983110785484
20211227	994	37	0.016723738983273506	0.03897726908326149
20211227	994	38	0.025408664718270302	0.052386630326509476
20211227	994	39	0.05188236013054848	0.12919051945209503
20211227	994	40	0.024421414360404015	0.038129981607198715
20211227	994	41	0.028047997504472733	0.04790876433253288
20211227	994	42	0.014711000956594944	0.09872089326381683
20211227	994	43	0.01105711329728365	0.06871490180492401
20211227	994	44	0.005799923092126846	0.04634382203221321
20211227	994	45	0.0016192448092624545	0.04146035388112068
20211227	994	46	0.001235318137332797	0.018020279705524445
20211227	994	47	0.02610692009329796	0.00270721479319036
20211227	994	48	0.012465689331293106	0.019636796787381172
20211227	994	49	0.0012953708646818995	0.15896591544151306
20211227	994	50	0.03432835265994072	0.08939303457736969
20211227	994	51	0.008134572766721249	0.022013181820511818
20211227	994	52	0.017261531203985214	0.044131457805633545
20211227	994	53	0.0010390704264864326	0.03543366119265556
20211227	994	54	0.009033932350575924	0.10848158597946167
20211227	994	55	0.013007883913815022	0.10191361606121063
20211227	994	56	0.0008368483395315707	0.005462828557938337
20211227	994	57	0.014435986056923866	0.10238885134458542
20211227	994	58	0.01259426400065422	0.0864359587430954
20211227	994	59	0.017277058213949203	0.005935726221650839
20211227	994	60	0.0037901680916547775	0.09198721498250961
20211227	994	61	0.020676348358392715	0.05108463391661644
20211227	994	62	0.023860404267907143	0.053206220269203186
20211227	994	63	0.0005525776650756598	0.11291366815567017
20211227	994	64	0.01805615983903408	0.04508478567004204
20211227	994	65	0.011915626935660839	0.09700077027082443
20211227	994	66	0.008781599812209606	0.020420780405402184
20211227	994	67	0.0012422704603523016	0.057915039360523224
20211227	994	68	0.007444171234965324	0.027929697185754776
20211227	994	69	0.0018165326910093427	0.18197353184223175
20211227	994	70	0.044462934136390686	0.062552809715271
20211227	994	71	0.030657419934868813	0.07443492114543915
20211227	994	72	0.0008730205590836704	0.02192617952823639
20211227	994	73	0.0026642088778316975	0.08055480569601059
20211227	994	74	0.0005543570150621235	0.05411580950021744
20211227	994	75	0.008670144714415073	0.020328717306256294
20211227	994	76	0.024446917697787285	0.0010494542075321078
20211227	994	77	0.0008446628926321864	0.26317596435546875
20211227	994	78	0.0001482370134908706	0.008617348968982697
20211227	994	79	0.006089917849749327	0.06275399029254913
20211227	994	80	0.00717027997598052	0.06543728709220886
20211227	994	81	0.010078397579491138	0.1015431135892868
20211227	994	82	0.036706045269966125	0.02594355307519436
20211227	994	83	0.009532630443572998	0.009958786889910698
20211227	994	84	0.0018330189632251859	0.22913727164268494
20211227	994	85	0.014469509944319725	0.0916057825088501
20211227	994	86	0.00717463344335556	0.0879419669508934
20211227	994	87	0.016903303563594818	0.1647675633430481
20211227	994	88	0.003098387038335204	0.03249058127403259
20211227	994	89	0.012088380753993988	0.023437296971678734
20211227	994	90	0.003926110453903675	0.07914077490568161
20211227	994	91	0.007483855355530977	0.05709083750844002
20211227	994	92	0.00017576916434336454	0.10935592651367188
20211227	994	93	0.04295679181814194	0.1538609266281128
20211227	994	94	0.00768025778234005	0.05628706514835358
20211227	994	95	0.018889859318733215	0.0918395146727562
20211227	994	96	0.014394975267350674	0.11427602171897888
20211227	994	97	0.03497007489204407	0.23485971987247467
20211227	994	98	0.006016537547111511	0.0929480791091919
20211227	994	99	0.005204325076192617	0.04715918377041817
20211227	994	100	0.0035010864958167076	0.038226254284381866
20211227	992	1	0.051966823637485504	3.320779069326818e-05
20211227	992	2	0.01262526772916317	0.008679992519319057
20211227	992	3	0.026948845013976097	0.025247035548090935
20211227	992	4	0.020052557811141014	0.10011091083288193
20211227	992	5	0.00819509569555521	0.023222321644425392
20211227	992	6	0.044598065316677094	0.0037667995784431696
20211227	992	7	0.0006185516831465065	0.05365857109427452
20211227	992	8	0.01772644743323326	0.001085728406906128
20211227	992	9	0.004207904916256666	0.022817911580204964
20211227	992	10	0.00022551660367753357	0.00427912687882781
20211227	992	11	0.002233990700915456	0.0002642073668539524
20211227	992	12	0.04381684586405754	0.0019498964538797736
20211227	992	13	0.0005372614832594991	7.203522545751184e-05
20211227	992	14	0.003371244529262185	0.03395584598183632
20211227	992	15	0.004900721833109856	0.02384333312511444
20211227	992	16	0.02101750299334526	0.024347757920622826
20211227	992	17	0.002537606516852975	0.0792960450053215
20211227	992	18	0.0206687580794096	0.06511228531599045
20211227	992	19	0.01886768452823162	0.002859373576939106
20211227	992	20	0.020733153447508812	0.08222927153110504
20211227	992	21	0.02217155694961548	0.21056286990642548
20211227	992	22	0.004904774017632008	0.2096581608057022
20211227	992	23	0.013076720759272575	0.11898897588253021
20211227	992	24	0.002668455010280013	0.09714171290397644
20211227	992	25	0.008559081703424454	0.04813849553465843
20211227	992	26	0.033072855323553085	0.003972574137151241
20211227	992	27	0.005706725176423788	0.004214335698634386
20211227	992	28	0.011419790796935558	0.0042570289224386215
20211227	992	29	0.02080458402633667	0.011010871268808842
20211227	992	30	0.005214480217546225	0.021484026685357094
20211227	992	31	0.007985538803040981	0.0035500095691531897
20211227	992	32	0.003224967746064067	0.024187713861465454
20211227	992	33	0.009344622492790222	0.054670412093400955
20211227	992	34	0.0017655976116657257	0.09086421877145767
20211227	992	35	0.0075231511145830154	0.2562241852283478
20211227	992	36	0.00010786467464640737	0.012006412260234356
20211227	992	37	0.006267064716666937	0.019219359382987022
20211227	992	38	0.0011758175678551197	0.0011228485964238644
20211227	992	39	0.004729182925075293	0.12277553230524063
20211227	992	40	0.0004562328977044672	0.046642906963825226
20211227	992	41	0.0029356293380260468	0.0003985634830314666
20211227	992	42	0.05122460052371025	0.00047492972225882113
20211227	992	43	0.015882520005106926	0.007944963872432709
20211227	992	44	0.03657911717891693	0.1693241149187088
20211227	992	45	0.01581539399921894	0.04566767066717148
20211227	992	46	0.007022931706160307	0.06663567572832108
20211227	992	47	8.594684186391532e-05	0.03501717373728752
20211227	992	48	0.007367534562945366	0.024109022691845894
20211227	992	49	0.010598075576126575	0.03576929122209549
20211227	992	50	0.0042122965678572655	0.017105380073189735
20211227	992	51	0.01269295159727335	0.015108560211956501
20211227	992	52	0.0035152118653059006	0.027517378330230713
20211227	992	53	0.025023533031344414	0.01895327866077423
20211227	992	54	0.0005265736836008728	0.054168883711099625
20211227	992	55	0.00025605119299143553	0.0003726287977769971
20211227	992	56	4.373165211291052e-06	0.00031452294206246734
20211227	992	57	0.006971586961299181	0.0001982417015824467
20211227	992	58	7.935200119391084e-05	0.0169797632843256
20211227	992	59	1.0057825420517474e-05	0.0209234319627285
20211227	992	60	0.010971390642225742	0.10689201205968857
20211227	992	61	0.0012627263786271214	0.03390073403716087
20211227	992	62	0.012642442248761654	0.17491751909255981
20211227	992	63	0.004251124802976847	0.027103440836071968
20211227	992	64	0.011016029864549637	0.00012500613229349256
20211227	992	65	0.0003481677849777043	0.065249502658844
20211227	992	66	6.908636714797467e-05	0.16403628885746002
20211227	992	67	0.0006580905755981803	0.05382854491472244
20211227	992	68	0.00622106809169054	0.04460813105106354
20211227	992	69	2.2133543097879738e-05	1.0002013368648477e-05
20211227	992	70	0.00031975051388144493	0.08855986595153809
20211227	992	71	0.008010925725102425	0.03321937099099159
20211227	992	72	2.4256782126030885e-05	0.10027474164962769
20211227	992	73	0.0007688615005463362	0.00026036874623969197
20211227	992	74	0.0012908453354611993	0.03857560455799103
20211227	992	75	0.011560658924281597	0.0146034462377429
20211227	992	76	0.025726741179823875	0.053396448493003845
20211227	992	77	0.010904133319854736	0.009122163988649845
20211227	992	78	0.01631118915975094	0.039726875722408295
20211227	992	79	0.002161479787901044	0.010666513815522194
20211227	992	80	0.003278193296864629	0.0177670456469059
20211227	992	81	0.0029834636952728033	0.030251551419496536
20211227	992	82	0.004079712089151144	0.05618555098772049
20211227	992	83	7.715979882050306e-05	0.0035096637438982725
20211227	992	84	0.011748416349291801	0.01422151643782854
20211227	992	85	0.0046085333451628685	0.045322906225919724
20211227	992	86	0.016797488555312157	0.18044623732566833
20211227	992	87	0.000524881761521101	0.19209663569927216
20211227	992	88	3.1162660889094695e-05	0.15695945918560028
20211227	992	89	0.00016034305735956877	0.06177682429552078
20211227	992	90	0.0009568087989464402	0.05205400660634041
20211227	992	91	0.006260738242417574	0.0019043928477913141
20211227	992	92	0.0025572949089109898	0.08715598285198212
20211227	992	93	1.0160532838199288e-05	0.0032076428178697824
20211227	992	94	3.456457761785714e-06	0.08571434766054153
20211227	992	95	0.001097202650271356	0.04337572306394577
20211227	992	96	0.0027813671622425318	0.09207309782505035
20211227	992	97	0.0027337349019944668	0.010315426625311375
20211227	992	98	2.7984460757579654e-06	0.02648252062499523
20211227	992	99	0.005456878338009119	0.1420203298330307
20211227	992	100	0.002923304680734873	0.0656781941652298
20220102	1020	1	0.11425385624170303	0.2780808210372925
20220102	1020	2	0.17138496041297913	0.022601384669542313
20220102	1020	3	0.04867273569107056	0.007106693461537361
20220102	1020	4	0.06280731409788132	3.2460072816320462e-06
20220102	1020	5	0.039228655397892	0.010211589746177197
20220102	1020	6	0.04584808275103569	3.54031435563229e-05
20220102	1020	7	0.03821970522403717	0.02121134288609028
20220102	1020	8	0.04902592673897743	0.0031134195160120726
20220102	1020	9	0.01750926859676838	0.006706335581839085
20220102	1020	10	0.020758124068379402	0.05222229287028313
20220102	1020	11	0.009223897941410542	0.004224425181746483
20220102	1020	12	0.021871227771043777	0.0020460993982851505
20220102	1020	13	0.026034178212285042	0.05663241446018219
20220102	1020	14	0.007666468154639006	0.11648566275835037
20220102	1020	15	0.0024122181348502636	0.12987907230854034
20220102	1020	16	0.032196059823036194	0.12582901120185852
20220102	1020	17	0.027416588738560677	0.052970562130212784
20220102	1020	18	0.02062707021832466	0.05833045020699501
20220102	1020	19	0.0009904870530590415	0.0014910310273990035
20220102	1020	20	0.02825196273624897	0.11745919287204742
20220102	1020	21	0.018560508266091347	0.0034842011518776417
20220102	1020	22	0.027181578800082207	0.02000236324965954
20220102	1020	23	0.005211575888097286	0.015100842341780663
20220102	1020	24	0.027537837624549866	1.5461455404874869e-06
20220102	1020	25	0.025141900405287743	0.028416641056537628
20220102	1020	26	0.021781716495752335	0.020382309332489967
20220102	1020	27	0.008681672625243664	0.12425719946622849
20220102	1020	28	0.012791815213859081	0.0022997420746833086
20220102	1020	29	0.006567226257175207	9.32378043216886e-06
20220102	1020	30	0.006301570683717728	0.023198235780000687
20220102	1020	31	0.005830162204802036	0.09291167557239532
20220102	1020	32	0.0009219810599461198	0.025342537090182304
20220102	1020	33	0.0022774983663111925	0.09183435887098312
20220102	1020	34	0.024513544514775276	0.04276779666543007
20220102	1020	35	0.004378552082926035	0.009731980971992016
20220102	1020	36	0.029107682406902313	0.17188307642936707
20220102	1020	37	0.0001790696696843952	0.010248999111354351
20220102	1020	38	0.00011260288738412783	0.0009852814255282283
20220102	1020	39	0.012272127903997898	3.883606768795289e-05
20220102	1020	40	0.00030601536855101585	0.003793383250012994
20220102	1020	41	0.0009069237275980413	0.006496279034763575
20220102	1020	42	0.008667556568980217	0.012129277922213078
20220102	1020	43	0.0006211893633008003	0.03538376837968826
20220102	1020	44	0.0005693765706382692	0.00014145797467790544
20220102	1020	45	0.018091635778546333	0.09103008359670639
20220102	1020	46	0.009158236905932426	2.3374231261641398e-07
20220102	1020	47	0.00023604014131706208	0.0008572323713451624
20220102	1020	48	2.702644451346714e-05	0.002828228520229459
20220102	1020	49	0.002428678795695305	0.03322181850671768
20220102	1020	50	0.0002768790873233229	0.06165112555027008
20220102	1020	51	0.0038674415554851294	0.000145388490636833
20220102	1020	52	0.002419814234599471	5.7688866945682094e-05
20220102	1020	53	0.007951256819069386	0.14551590383052826
20220102	1020	54	0.022739693522453308	0.06165040284395218
20220102	1020	55	0.00020399573259055614	0.00017433124594390392
20220102	1020	56	0.013059264048933983	0.03891405463218689
20220102	1020	57	0.033829767256975174	0.08498966693878174
20220102	1020	58	0.010372143238782883	0.00016194352065213025
20220102	1020	59	0.013056247495114803	0.0476907379925251
20220102	1020	60	0.030015841126441956	0.03753228485584259
20220102	1020	61	0.007046956568956375	2.033932105405256e-05
20220102	1020	62	0.0006169293774291873	0.030280599370598793
20220102	1020	63	0.0051513793878257275	0.00526708597317338
20220102	1020	64	0.01295818667858839	0.1607130467891693
20220102	1020	65	0.006864593364298344	0.01804189570248127
20220102	1020	66	0.0014549194602295756	0.1876198649406433
20220102	1020	67	0.0006661994848400354	0.00021114344417583197
20220102	1020	68	0.008035666309297085	0.009660175070166588
20220102	1020	69	0.003493578638881445	0.08712787926197052
20220102	1020	70	0.0050505236722528934	0.06461121886968613
20220102	1020	71	0.0008402881794609129	0.0006230220315046608
20220102	1020	72	0.012633359991014004	0.0002913275675382465
20220102	1020	73	3.534453207976185e-05	0.009870787151157856
20220102	1020	74	0.0002657303703017533	0.001435631886124611
20220102	1020	75	0.0017805821262300014	0.00041685369797050953
20220102	1020	76	0.00043484492925927043	0.006557172629982233
20220102	1020	77	3.843036211037543e-06	2.4154507627827115e-05
20220102	1020	78	0.002530705416575074	0.08120772242546082
20220102	1020	79	0.005040877498686314	0.058025289326906204
20220102	1020	80	0.021571772173047066	0.019398227334022522
20220102	1020	81	0.012602770701050758	0.1521250158548355
20220102	1020	82	0.008982607163488865	0.11381322145462036
20220102	1020	83	1.2699207218247466e-05	0.05466831475496292
20220102	1020	84	0.012886225245893002	0.004367938730865717
20220102	1020	85	0.0017643767641857266	7.3662508839333896e-06
20220102	1020	86	0.022242775186896324	0.009691738523542881
20220102	1020	87	2.857455001503695e-07	0.049331340938806534
20220102	1020	88	3.6594385164789855e-05	0.047176577150821686
20220102	1020	89	0.0007801115280017257	0.07793761044740677
20220102	1020	90	0.008281352929770947	1.088186490960652e-05
20220102	1020	91	0.010924885980784893	5.085322118247859e-05
20220102	1020	92	0.060956500470638275	1.470685219828738e-06
20220102	1020	93	0.009116853587329388	0.0015484514879062772
20220102	1020	94	6.413037772290409e-05	0.004998194985091686
20220102	1020	95	0.00031317034154199064	0.05442439392209053
20220102	1020	96	0.0001287094783037901	0.00044992135372012854
20220102	1020	97	0.001515441108494997	0.001663321629166603
20220102	1020	98	8.036317740334198e-05	0.08039060235023499
20220102	1020	99	0.00015609968977514654	7.157465461204993e-06
20220102	1020	100	0.00030522060114890337	0.03394405171275139
20220103	1027	1	0.027382593601942062	0.13951143622398376
20220103	1027	2	0.004777761176228523	0.00011102829012088478
20220103	1027	3	0.03388940915465355	0.001806324697099626
20220103	1027	4	0.015226875431835651	1.7791471691452898e-05
20220103	1027	5	8.83038665051572e-05	2.9273665859363973e-05
20220103	1027	6	0.008239605464041233	4.667549546866212e-06
20220103	1027	7	0.010950300842523575	0.011638469994068146
20220103	1027	8	0.008720348589122295	6.751780892955139e-05
20220103	1027	9	0.00967397354543209	0.0016551910666748881
20220103	1027	10	0.029962724074721336	6.995861667746794e-07
20220103	1027	11	0.007763351313769817	0.00010631478653522208
20220103	1027	12	0.0005887623410671949	0.00010944671521428972
20220103	1027	13	0.005729107651859522	0.09389123320579529
20220103	1027	14	0.00035395604209043086	2.4415223833784694e-06
20220103	1027	15	0.013684977777302265	0.02557113952934742
20220103	1027	16	0.05393153056502342	0.00014003952674102038
20220103	1027	17	0.01124043483287096	9.198852785630152e-05
20220103	1027	18	0.006074358243495226	1.1451714954091585e-06
20220103	1027	19	0.0012842678697779775	3.020977965206839e-05
20220103	1027	20	0.0018288438441231847	1.0705651476428102e-07
20220103	1027	21	0.00910126231610775	1.6202952224375622e-07
20220103	1027	22	0.004447937477380037	0.016314486041665077
20220103	1027	23	0.038635700941085815	0.021419374272227287
20220103	1027	24	0.014000825583934784	0.020916888490319252
20220103	1027	25	0.0015540804015472531	0.00016424951900262386
20220103	1027	26	0.011135876178741455	0.0005478914245031774
20220103	1027	27	9.215438331011683e-05	2.009370655287057e-05
20220103	1027	28	0.03824479505419731	9.623913683753926e-06
20220103	1027	29	0.003677279921248555	0.00015622669889125973
20220103	1027	30	0.05364961922168732	0.019270533695816994
20220103	1027	31	0.006068287882953882	0.0017054229974746704
20220103	1027	32	1.0730225767474622e-05	0.0019972845911979675
20220103	1027	33	0.00013848945673089474	0.0010677446844056249
20220103	1027	34	1.4818090676271822e-05	7.383576985375839e-07
20220103	1027	35	0.000550724973436445	0.009492641314864159
20220103	1027	36	0.001066710101440549	0.00032658022246323526
20220103	1027	37	0.014151299372315407	0.000583528948482126
20220103	1027	38	0.001180335646495223	0.10240069776773453
20220103	1027	39	1.140713084168965e-05	0.00011295649892417714
20220103	1027	40	0.010297995060682297	0.02051597461104393
20220103	1027	41	2.1378331439336762e-05	2.93388552563556e-07
20220103	1027	42	0.0015251138247549534	1.1570680726435967e-05
20220103	1027	43	0.02583271823823452	0.055001623928546906
20220103	1027	44	0.00489384587854147	1.1856578794322559e-06
20220103	1027	45	0.014743480831384659	0.0004168607702013105
20220103	1027	46	0.0006878734566271305	0.00016092625446617603
20220103	1027	47	0.0005380923394113779	0.0036643065977841616
20220103	1027	48	0.012220311909914017	0.019346967339515686
20220103	1027	49	0.00010341814049752429	0.027226673439145088
20220103	1027	50	0.00630461610853672	0.03699900582432747
20220103	1027	51	0.012823292054235935	0.00045703849173150957
20220103	1027	52	0.003508304012939334	0.029489479959011078
20220103	1027	53	0.017095915973186493	2.961344762297813e-05
20220103	1027	54	4.6281362301670015e-05	0.06210177019238472
20220103	1027	55	0.0006382458377629519	0.18437276780605316
20220103	1027	56	0.004405308980494738	0.00037024510675109923
20220103	1027	57	9.667182894190773e-05	1.3047774700680748e-06
20220103	1027	58	0.014291804283857346	0.006280124187469482
20220103	1027	59	0.0001381235633743927	3.12903976009693e-05
20220103	1027	60	0.0015096325660124421	0.207308828830719
20220103	1027	61	4.85215823573526e-05	0.04128054156899452
20220103	1027	62	6.27574190730229e-05	0.008380221202969551
20220103	1027	63	0.002098583383485675	0.011182285845279694
20220103	1027	64	0.0058844140730798244	0.012882651761174202
20220103	1027	65	0.001839418662711978	0.006105837877839804
20220103	1027	66	0.0198229793459177	0.0022407525684684515
20220103	1027	67	0.001425914466381073	0.005914053414016962
20220103	1027	68	8.47121498281922e-07	0.0006104985368438065
20220103	1027	69	1.5746994904475287e-05	6.557223969139159e-06
20220103	1027	70	0.00649059284478426	0.015634994953870773
20220103	1027	71	0.0008555380045436323	0.00011958568211412057
20220103	1027	72	0.01214982196688652	0.052319664508104324
20220103	1027	73	5.763480430687196e-07	1.8258851923746988e-05
20220103	1027	74	9.047710136655951e-07	0.059255242347717285
20220103	1027	75	1.963171780516859e-05	0.0911451205611229
20220103	1027	76	0.0006009495700709522	0.016902955248951912
20220103	1027	77	0.00023483736731577665	7.765344776089478e-07
20220103	1027	78	0.0013640213292092085	0.018221648409962654
20220103	1027	79	5.871204848517664e-06	0.003274512244388461
20220103	1027	80	1.871646304607566e-06	1.1977460872003576e-06
20220103	1027	81	0.0006613652221858501	0.05776786059141159
20220103	1027	82	3.761008656510967e-06	0.014069593511521816
20220103	1027	83	0.0030520434956997633	8.994926247396506e-06
20220103	1027	84	0.013130437582731247	0.03717987611889839
20220103	1027	85	0.008073529228568077	5.3124481382837985e-06
20220103	1027	86	0.004722950980067253	0.0005018056835979223
20220103	1027	87	6.555066647706553e-06	1.2399318620737176e-05
20220103	1027	88	3.118212771369144e-05	0.02863723412156105
20220103	1027	89	0.0007064500823616982	0.03215169161558151
20220103	1027	90	5.786773272120627e-06	0.18438692390918732
20220103	1027	91	0.0023455258924514055	0.2749767601490021
20220103	1027	92	0.0034524169750511646	3.4375457289570477e-06
20220103	1027	93	2.751115243881941e-05	0.008919024839997292
20220103	1027	94	1.7959599063033238e-05	0.02055939845740795
20220103	1027	95	9.870785288512707e-05	4.710495431936579e-06
20220103	1027	96	3.0481713110930286e-05	6.191911694486407e-08
20220103	1027	97	0.018080322071909904	0.01638992689549923
20220103	1027	98	0.009661856107413769	0.007152795325964689
20220103	1027	99	0.01669176109135151	0.011464642360806465
20220103	1027	100	0.0037595764733850956	0.0632353350520134
20220103	1031	1	0.0040420345030725	0.04694606363773346
20220103	1031	2	0.014194926247000694	0.00934677291661501
20220103	1031	3	0.014441593550145626	0.0001597297959960997
20220103	1031	4	0.01850074529647827	1.4109109258697572e-07
20220103	1031	5	0.00034419583971612155	0.01905030384659767
20220103	1031	6	0.0017244690097868443	0.04468703269958496
20220103	1031	7	0.0002211958053521812	0.015517760068178177
20220103	1031	8	5.066415178589523e-05	0.03296825289726257
20220103	1031	9	0.004062308464199305	0.0006876855040900409
20220103	1031	10	0.003224824322387576	0.07654804736375809
20220103	1031	11	0.02354791946709156	0.025943854823708534
20220103	1031	12	0.022847555577754974	0.00012234265159349889
20220103	1031	13	0.0015174808213487267	0.000586651498451829
20220103	1031	14	0.012060364708304405	0.0002958377590402961
20220103	1031	15	0.0009795749792829156	0.014758218079805374
20220103	1031	16	0.0008324774680659175	0.007030140142887831
20220103	1031	17	0.0013300857972353697	0.0035034161992371082
20220103	1031	18	0.0010746590560302138	2.4228911570389755e-06
20220103	1031	19	0.0001294828107347712	0.0013264082372188568
20220103	1031	20	0.0014852628810331225	4.6672383177792653e-05
20220103	1031	21	1.3985630175739061e-05	0.0003370814665686339
20220103	1031	22	0.0007585450657643378	0.048427827656269073
20220103	1031	23	0.004896209575235844	0.05908847227692604
20220103	1031	24	0.00048255096771754324	2.4993315150823037e-07
20220103	1031	25	0.029891017824411392	0.035735901445150375
20220103	1031	26	0.0003608909319154918	4.0257913497043774e-05
20220103	1031	27	0.0035111033357679844	0.0071338810957968235
20220103	1031	28	0.00031911421683616936	0.24179549515247345
20220103	1031	29	2.9626946343341842e-05	0.09647209942340851
20220103	1031	30	1.2190573670523008e-06	1.0307589036528952e-05
20220103	1031	31	4.717118372354889e-06	3.00031075539664e-07
20220103	1031	32	0.00355333904735744	0.00014281613402999938
20220103	1031	33	0.0010525898542255163	0.005326457787305117
20220103	1031	34	0.0007945691468194127	0.07668626308441162
20220103	1031	35	0.00048187520587816834	2.303560897587431e-09
20220103	1031	36	9.892258094623685e-05	0.00029642440495081246
20220103	1031	37	0.015529856085777283	1.0135590144955131e-07
20220103	1031	38	0.00031282586860470474	5.758901799879368e-09
20220103	1031	39	1.6886666571735987e-06	2.303560675542826e-09
20220103	1031	40	3.978230324719334e-06	0.022319689393043518
20220103	1031	41	3.175610117978067e-06	2.3602324290550314e-06
20220103	1031	42	0.006506721023470163	0.03558257967233658
20220103	1031	43	2.0173018128843978e-05	9.645141290093306e-06
20220103	1031	44	0.0097967479377985	1.4384266250999644e-05
20220103	1031	45	8.7225572542593e-07	6.334790025874781e-09
20220103	1031	46	0.0014439333463087678	0.001003591693006456
20220103	1031	47	0.00031006126664578915	0.016469914466142654
20220103	1031	48	0.012752603739500046	1.15804061806557e-06
20220103	1031	49	0.005466680973768234	7.388401286334556e-07
20220103	1031	50	8.751706445764285e-06	0.0015021396102383733
20220103	1031	51	0.0003370374324731529	5.758901799879368e-09
20220103	1031	52	0.01588694378733635	0.0003313350898679346
20220103	1031	53	1.0704966371122282e-06	0.054644931107759476
20220103	1031	54	0.007488727569580078	0.015750156715512276
20220103	1031	55	0.004475589841604233	0.005178126040846109
20220103	1031	56	0.008900669403374195	2.5062047370738583e-06
20220103	1031	57	0.011056204326450825	6.336090791592142e-06
20220103	1031	58	0.02863413840532303	0.01546731311827898
20220103	1031	59	0.001953372498974204	0.013015734031796455
20220103	1031	60	0.0003982110065408051	0.07415453344583511
20220103	1031	61	3.2423677112092264e-06	6.449930367580237e-08
20220103	1031	62	0.0001372831902699545	0.08634544163942337
20220103	1031	63	0.009176860563457012	0.00047164649004116654
20220103	1031	64	0.026964016258716583	0.12703169882297516
20220103	1031	65	0.017531879246234894	0.08714503794908524
20220103	1031	66	0.0005659580929204822	0.1252569705247879
20220103	1031	67	0.00021338560327421874	0.004358505364507437
20220103	1031	68	0.007047944236546755	8.695889164300752e-08
20220103	1031	69	4.10173061027308e-06	0.029148656874895096
20220103	1031	70	0.008405336178839207	3.816022217506543e-05
20220103	1031	71	0.00314112170599401	0.015441272407770157
20220103	1031	72	3.4123563636967447e-06	1.3245463392763668e-08
20220103	1031	73	0.007201442029327154	1.1787903531512711e-05
20220103	1031	74	8.517950482200831e-05	0.05178418383002281
20220103	1031	75	0.010767861269414425	0.0038744343910366297
20220103	1031	76	2.1350642782635987e-06	0.0018720004009082913
20220103	1031	77	1.2975268873560708e-05	0.001116749714128673
20220103	1031	78	0.0042898645624518394	0.015118135139346123
20220103	1031	79	4.974967282578291e-07	4.085372893314343e-06
20220103	1031	80	2.4607476234450587e-07	1.8429138435749337e-05
20220103	1031	81	0.017129966989159584	0.0
20220103	1031	82	0.0010982005624100566	1.0342467930968269e-06
20220103	1031	83	0.007396986708045006	6.910680028227034e-09
20220103	1031	84	0.0005910459440201521	0.00020868855062872171
20220103	1031	85	0.002219789195805788	0.004845296498388052
20220103	1031	86	0.0017435819609090686	7.141011337807868e-08
20220103	1031	87	1.5768682715133764e-07	0.00019695860100910068
20220103	1031	88	0.016529716551303864	0.05330998823046684
20220103	1031	89	5.647668513120152e-05	0.024861834943294525
20220103	1031	90	0.0003193943412043154	0.0012154027353972197
20220103	1031	91	0.0012187695829197764	2.408349246252328e-06
20220103	1031	92	2.0318109363870462e-06	2.0732040084681103e-08
20220103	1031	93	0.00032733051921240985	2.879451121984289e-09
20220103	1031	94	5.122014772496186e-05	0.05026645585894585
20220103	1031	95	0.00014002785610500723	0.11375953257083893
20220103	1031	96	7.38053415716422e-07	0.00014850821753498167
20220103	1031	97	0.00394698278978467	0.08110058307647705
20220103	1031	98	0.0017343248473480344	3.6682985182778793e-07
20220103	1031	99	0.00719064986333251	0.0002887012087740004
20220103	1031	100	6.722140710735403e-07	0.0003216117911506444
20220109	1045	1	0.06062481924891472	0.8307766914367676
20220109	1045	2	0.019348857924342155	1.0880684852600098
20220109	1045	3	0.0031945516820997	1.3228923082351685
20220109	1045	4	0.039500486105680466	1.047000527381897
20220109	1045	5	0.016017012298107147	0.8919259905815125
20220109	1045	6	0.01347321830689907	0.9156699180603027
20220109	1045	7	0.023528972640633583	1.870748519897461
20220109	1045	8	8.696789882378653e-05	1.0296392440795898
20220109	1045	9	0.02415071614086628	1.1292521953582764
20220109	1045	10	0.0010430713882669806	1.4326248168945312
20220109	1045	11	0.0022188182920217514	0.285097599029541
20220109	1045	12	0.005261613987386227	0.7307252883911133
20220109	1045	13	0.031101254746317863	1.2466039657592773
20220109	1045	14	0.012941132299602032	0.06928055733442307
20220109	1045	15	0.030826842412352562	0.9144250750541687
20220109	1045	16	0.007135685533285141	1.021673560142517
20220109	1045	17	4.618279945134418e-06	0.6820942163467407
20220109	1045	18	8.761482490626804e-07	0.9171545505523682
20220109	1045	19	0.00018885127792600542	1.0542422533035278
20220109	1045	20	0.00011752498539863154	0.5967722535133362
20220109	1045	21	0.01516639906913042	0.8952316045761108
20220109	1045	22	0.012215680442750454	0.19617274403572083
20220109	1045	23	0.005897580645978451	0.8321977257728577
20220109	1045	24	0.002393468515947461	1.2029083967208862
20220109	1045	25	0.00033004628494381905	0.5839974284172058
20220109	1045	26	0.016438495367765427	0.9872638583183289
20220109	1045	27	0.030735576525330544	0.6483683586120605
20220109	1045	28	0.026415560394525528	0.7156388163566589
20220109	1045	29	0.01577204093337059	0.7462010979652405
20220109	1045	30	0.0008089150069281459	0.42398470640182495
20220109	1045	31	0.019262516871094704	0.46547287702560425
20220109	1045	32	0.01704690232872963	1.402349829673767
20220109	1045	33	0.0012327592121437192	1.067636489868164
20220109	1045	34	0.014508889988064766	0.8582523465156555
20220109	1045	35	5.7844939874485135e-05	0.9582287073135376
20220109	1045	36	0.008174370042979717	0.583954930305481
20220109	1045	37	0.006250209175050259	0.9361163973808289
20220109	1045	38	0.12679825723171234	0.25845324993133545
20220109	1045	39	0.00014134275261312723	1.0745878219604492
20220109	1045	40	0.008340737782418728	1.030174970626831
20220109	1045	41	9.813544238568284e-06	0.8750565052032471
20220109	1045	42	4.2036703234771267e-05	1.5218706130981445
20220109	1045	43	0.0025895233266055584	0.921099841594696
20220109	1045	44	0.006811984349042177	0.7205502390861511
20220109	1045	45	0.001597094815224409	1.246779441833496
20220109	1045	46	7.257525430759415e-05	0.7525291442871094
20220109	1045	47	0.0013653466012328863	9.640055395720992e-06
20220109	1045	48	1.6159805454663e-05	0.4861755073070526
20220109	1045	49	0.004797792993485928	0.7401148676872253
20220109	1045	50	2.598258106445428e-05	1.0747987031936646
20220109	1045	51	0.00022335551329888403	1.889944314956665
20220109	1045	52	0.0001009683110169135	1.2457581758499146
20220109	1045	53	0.00014709810784552246	0.664732813835144
20220109	1045	54	0.008283080533146858	1.6550755500793457
20220109	1045	55	0.008018151856958866	1.1445363759994507
20220109	1045	56	0.001815081457607448	1.6979215145111084
20220109	1045	57	0.007782538887113333	1.3129277229309082
20220109	1045	58	0.014975382015109062	1.698297142982483
20220109	1045	59	0.00468516955152154	0.8683403134346008
20220109	1045	60	0.00021915422985330224	0.651424765586853
20220109	1045	61	0.012633288279175758	1.236000895500183
20220109	1045	62	0.004770513623952866	1.2655754089355469
20220109	1045	63	0.002301299013197422	1.7805572748184204
20220109	1045	64	0.009785768575966358	1.290379524230957
20220109	1045	65	0.011720484122633934	0.1917203664779663
20220109	1045	66	0.01214847806841135	0.6108078956604004
20220109	1045	67	0.0003266786807216704	1.5789321660995483
20220109	1045	68	0.0002246431540697813	0.5497273802757263
20220109	1045	69	0.0008601369918324053	0.5880277156829834
20220109	1045	70	0.002839266089722514	0.7277318239212036
20220109	1045	71	0.0016819528536871076	1.525640845298767
20220109	1045	72	0.002400129335001111	1.2103036642074585
20220109	1045	73	0.03671940043568611	0.5523220300674438
20220109	1045	74	0.003937171772122383	0.5777509212493896
20220109	1045	75	0.0006657477933913469	0.297150582075119
20220109	1045	76	0.003611150197684765	0.8055344820022583
20220109	1045	77	0.011565559543669224	1.0125994682312012
20220109	1045	78	0.00028214207850396633	0.3615598976612091
20220109	1045	79	0.0035043000243604183	0.966278612613678
20220109	1045	80	2.0871000742772594e-05	1.1751760244369507
20220109	1045	81	2.7933282353842515e-07	1.111525535583496
20220109	1045	82	0.000359320139978081	0.9849323034286499
20220109	1045	83	0.005482614506036043	0.9119929075241089
20220109	1045	84	0.005194707307964563	0.6955921053886414
20220109	1045	85	0.014014874584972858	0.9366146922111511
20220109	1045	86	0.03519256040453911	0.5891156196594238
20220109	1045	87	3.582298450055532e-05	0.12512251734733582
20220109	1045	88	0.0014681080356240273	0.7762064337730408
20220109	1045	89	0.000498020788654685	0.8953041434288025
20220109	1045	90	9.328749729320407e-05	0.706733763217926
20220109	1045	91	0.005552852991968393	0.6335786581039429
20220109	1045	92	0.00011370291758794338	0.533931314945221
20220109	1045	93	0.035255223512649536	0.7344304323196411
20220109	1045	94	0.012174415402114391	0.5208768248558044
20220109	1045	95	1.6210666217375547e-05	0.6971648931503296
20220109	1045	96	9.01088696991792e-07	1.731394648551941
20220109	1045	97	0.00031988401315174997	0.5581271648406982
20220109	1045	98	1.187922293865995e-06	1.5110251903533936
20220109	1045	99	1.5590933344356017e-06	0.6001679301261902
20220109	1045	100	2.0139041225775145e-06	1.3692244291305542
20220208	1047	1	0.07424313575029373	0.41725701093673706
20220208	1047	2	0.00017448965809307992	0.06120989844202995
20220208	1047	3	0.07889703661203384	0.5231235027313232
20220208	1047	4	0.01881379634141922	0.6518887281417847
20220208	1047	5	0.02606229856610298	0.5381453633308411
20220208	1047	6	0.00014316357555799186	0.4537293612957001
20220208	1047	7	0.038275960832834244	0.6875960826873779
20220208	1047	8	0.0016198629746213555	0.23224592208862305
20220208	1047	9	0.0013072524452582002	0.38785773515701294
20220208	1047	10	0.009869631379842758	0.4128991365432739
20220208	1047	11	3.3106862247223035e-05	0.6843554973602295
20220208	1047	12	3.521422695484944e-05	0.3074382543563843
20220208	1047	13	0.019856011494994164	0.45124727487564087
20220208	1047	14	0.008834514766931534	0.1736195832490921
20220208	1047	15	0.008657216094434261	0.016447346657514572
20220208	1047	16	0.0013425284996628761	0.18749430775642395
20220208	1047	17	0.013448050245642662	0.33947089314460754
20220208	1047	18	0.004508606623858213	0.09103720635175705
20220208	1047	19	2.0682391550508328e-05	0.006130102090537548
20220208	1047	20	0.02707810141146183	0.45502838492393494
20220208	1047	21	0.0070028603076934814	0.17680323123931885
20220208	1047	22	0.00672499043866992	0.3275241553783417
20220208	1047	23	0.00047291250666603446	0.18523254990577698
20220208	1047	24	0.0096219377592206	0.51866215467453
20220208	1047	25	0.01039317436516285	0.32927119731903076
20220208	1047	26	0.0010720576392486691	0.04218553751707077
20220208	1047	27	0.0077759986743330956	0.431446373462677
20220208	1047	28	0.05262070521712303	0.2338760942220688
20220208	1047	29	0.0005164082976989448	0.2354966253042221
20220208	1047	30	0.0010679016122594476	0.6740841269493103
20220208	1047	31	1.3558687896875199e-05	0.293586403131485
20220208	1047	32	0.0031152500305324793	0.2437864989042282
20220208	1047	33	5.905133730266243e-05	0.025124220177531242
20220208	1047	34	0.018345220014452934	0.1022992879152298
20220208	1047	35	0.0188949815928936	0.6852924227714539
20220208	1047	36	0.003908113576471806	0.3531384766101837
20220208	1047	37	0.001463010092265904	0.11904305219650269
20220208	1047	38	0.016401072964072227	0.2954667806625366
20220208	1047	39	0.018725330010056496	0.3278362452983856
20220208	1047	40	6.973545532673597e-05	0.22567036747932434
20220208	1047	41	0.00013641906843986362	0.6549147367477417
20220208	1047	42	0.04422978311777115	0.15729880332946777
20220208	1047	43	0.005254064686596394	0.283215194940567
20220208	1047	44	0.0008426309213973582	0.11157368123531342
20220208	1047	45	0.000668475404381752	0.6934161186218262
20220208	1047	46	0.026599520817399025	0.01512006763368845
20220208	1047	47	0.01723620854318142	0.11280454695224762
20220208	1047	48	6.610716809518635e-07	0.09125401824712753
20220208	1047	49	1.5508992873947136e-05	0.19056624174118042
20220208	1047	50	1.839153014771e-06	0.033598870038986206
20220208	1047	51	5.382742529036477e-06	0.4670179486274719
20220208	1047	52	6.692056922474876e-05	0.49711912870407104
20220208	1047	53	1.0768513675429858e-05	0.46735894680023193
20220208	1047	54	1.061094963006326e-06	0.064536452293396
20220208	1047	55	1.966752023463414e-07	0.16213080286979675
20220208	1047	56	4.212717215068551e-07	0.10581722855567932
20220208	1047	57	1.2659897038247436e-05	0.39409539103507996
20220208	1047	58	0.00024910696083679795	0.47322437167167664
20220208	1047	59	7.287217158591375e-05	0.5857120156288147
20220208	1047	60	0.00036649752291850746	0.14263847470283508
20220208	1047	61	0.003487043082714081	0.5537435412406921
20220208	1047	62	0.038747064769268036	0.4451083838939667
20220208	1047	63	0.01518163736909628	0.5401231646537781
20220208	1047	64	0.00839759036898613	0.128545343875885
20220208	1047	65	0.011885881423950195	0.2811700403690338
20220208	1047	66	4.976439413439948e-06	1.5210946912702639e-05
20220208	1047	67	0.00029460800578817725	0.4020910859107971
20220208	1047	68	0.00023244076874107122	0.10733391344547272
20220208	1047	69	4.824869961339573e-07	0.21428072452545166
20220208	1047	70	0.03765438124537468	0.5694823265075684
20220208	1047	71	0.01340758427977562	0.418681800365448
20220208	1047	72	0.0006819363916292787	1.0592488050460815
20220208	1047	73	0.007309806998819113	0.2415928840637207
20220208	1047	74	0.005080368835479021	0.5335201621055603
20220208	1047	75	0.0002555539831519127	0.774635374546051
20220208	1047	76	0.007683773525059223	0.6274317502975464
20220208	1047	77	0.0003346269077155739	0.3213743269443512
20220208	1047	78	0.005850731395184994	0.5231810808181763
20220208	1047	79	5.291731667966815e-06	0.28020501136779785
20220208	1047	80	0.01577174849808216	0.3264647424221039
20220208	1047	81	0.00023173290537670255	0.6728079915046692
20220208	1047	82	0.010717596858739853	0.2617420256137848
20220208	1047	83	3.6578026083589066e-06	0.25793808698654175
20220208	1047	84	0.0009743814589455724	0.25796857476234436
20220208	1047	85	0.00896125566214323	0.486544132232666
20220208	1047	86	0.014958896674215794	0.12852086126804352
20220208	1047	87	0.0011259012389928102	0.24139682948589325
20220208	1047	88	0.004004466347396374	0.1404409557580948
20220208	1047	89	4.7195482011375134e-07	0.6605205535888672
20220208	1047	90	9.883935803145505e-08	0.1931695193052292
20220208	1047	91	2.9339169316244806e-08	0.43778860569000244
20220208	1047	92	0.00475743692368269	0.1873359978199005
20220208	1047	93	0.00041773292468860745	0.9121431112289429
20220208	1047	94	0.005793665070086718	0.7205169200897217
20220208	1047	95	0.0016096802428364754	0.2460116595029831
20220208	1047	96	0.011213849298655987	0.10741179436445236
20220208	1047	97	8.86287693901977e-07	0.8750143051147461
20220208	1047	98	0.00031101194326765835	0.15849950909614563
20220208	1047	99	0.026411646977066994	0.4287777245044708
20220208	1047	100	0.0021930038928985596	0.7361544370651245
20220209	1066	1	0.21029050648212433	0.037118714302778244
20220209	1066	2	0.05053705722093582	0.2546200156211853
20220209	1066	3	0.16332820057868958	0.2855105400085449
20220209	1066	4	0.0504409596323967	0.17864561080932617
20220209	1066	5	0.07551184296607971	2.5724489205458667e-06
20220209	1066	6	0.11729199439287186	0.028188437223434448
20220209	1066	7	0.10668108612298965	0.08028066903352737
20220209	1066	8	0.018101796507835388	0.029957793653011322
20220209	1066	9	0.004160678945481777	0.18716906011104584
20220209	1066	10	0.08329866081476212	0.0778321772813797
20220209	1066	11	0.0329338014125824	0.1576051563024521
20220209	1066	12	0.010086041875183582	0.013779209926724434
20220209	1066	13	0.007547080982476473	0.10848663747310638
20220209	1066	14	0.10126930475234985	0.1980309933423996
20220209	1066	15	0.06632033735513687	0.12430069595575333
20220209	1066	16	0.00861842930316925	0.06693039834499359
20220209	1066	17	0.04995059594511986	0.02572300285100937
20220209	1066	18	0.0140059944242239	0.013592579402029514
20220209	1066	19	0.02192765288054943	0.08392643928527832
20220209	1066	20	0.00023148754553403705	0.005222514737397432
20220209	1066	21	0.03104512207210064	0.0861169621348381
20220209	1066	22	0.01408855989575386	0.07429176568984985
20220209	1066	23	0.027795301750302315	0.28553712368011475
20220209	1066	24	0.02207138016819954	0.01738601364195347
20220209	1066	25	0.027546964585781097	0.032523155212402344
20220209	1066	26	0.0034731372725218534	0.08439803868532181
20220209	1066	27	0.0034415069967508316	0.00012938467261847109
20220209	1066	28	0.020431211218237877	0.09365557134151459
20220209	1066	29	0.013695169240236282	0.03985508531332016
20220209	1066	30	0.023376142606139183	0.10331029444932938
20220209	1066	31	0.0274873785674572	0.06372550874948502
20220209	1066	32	0.008179834112524986	0.1487836390733719
20220209	1066	33	0.013167045079171658	0.17367418110370636
20220209	1066	34	0.0014445462729781866	0.05598174035549164
20220209	1066	35	0.06705088168382645	0.044374916702508926
20220209	1066	36	0.03547150641679764	0.10541187971830368
20220209	1066	37	0.027882831171154976	0.12725189328193665
20220209	1066	38	0.0032334006391465664	0.047669392079114914
20220209	1066	39	0.010099366307258606	0.01928400807082653
20220209	1066	40	0.0013504652306437492	0.010710654780268669
20220209	1066	41	0.0022232583723962307	0.10921098291873932
20220209	1066	42	0.002449009334668517	0.08593500405550003
20220209	1066	43	0.013132603839039803	0.03243173286318779
20220209	1066	44	0.014322198927402496	0.11962319165468216
20220209	1066	45	0.004150114953517914	0.21563491225242615
20220209	1066	46	0.018420808017253876	0.009806268848478794
20220209	1066	47	0.04289248585700989	0.032576557248830795
20220209	1066	48	0.002633873373270035	0.09993522614240646
20220209	1066	49	0.00195694831199944	0.0536886602640152
20220209	1066	50	0.0672725960612297	0.16064196825027466
20220209	1066	51	0.0006998419412411749	0.01725528948009014
20220209	1066	52	0.0020536237861961126	0.12286267429590225
20220209	1066	53	0.007358124013990164	0.0005742268403992057
20220209	1066	54	0.04751459136605263	0.08930935710668564
20220209	1066	55	0.010598892346024513	0.14417697489261627
20220209	1066	56	0.001889116014353931	0.15311487019062042
20220209	1066	57	0.015071667730808258	0.03898736089468002
20220209	1066	58	0.02698003500699997	0.14124347269535065
20220209	1066	59	0.008004650473594666	0.0381133034825325
20220209	1066	60	0.0027392469346523285	0.19967380166053772
20220209	1066	61	0.013733845204114914	0.08886774629354477
20220209	1066	62	0.0018351415637880564	0.2765979468822479
20220209	1066	63	0.0009303872939199209	0.09612266719341278
20220209	1066	64	0.008337271399796009	0.014914675615727901
20220209	1066	65	4.911917858407833e-05	0.10619024187326431
20220209	1066	66	0.06332667917013168	0.056660544127225876
20220209	1066	67	0.0004254384839441627	0.10932817310094833
20220209	1066	68	0.009002690203487873	0.09884655475616455
20220209	1066	69	4.004545189673081e-06	0.0221103485673666
20220209	1066	70	0.011820914223790169	0.003965417388826609
20220209	1066	71	0.000420042488258332	0.1515045166015625
20220209	1066	72	0.0019460998009890318	0.1500622034072876
20220209	1066	73	7.764693350509333e-07	0.1044689193367958
20220209	1066	74	0.0005414052284322679	0.01699034869670868
20220209	1066	75	0.012020566500723362	0.10241575539112091
20220209	1066	76	0.006142421159893274	0.1323983371257782
20220209	1066	77	0.006797783076763153	0.05307161435484886
20220209	1066	78	0.03775065764784813	0.07486333698034286
20220209	1066	79	1.078518198482925e-05	0.05346759781241417
20220209	1066	80	0.00042982379090972245	0.013836463913321495
20220209	1066	81	0.020670359954237938	0.14017704129219055
20220209	1066	82	0.013120291754603386	0.032650116831064224
20220209	1066	83	3.200814899173565e-05	0.022002767771482468
20220209	1066	84	0.008908286690711975	0.35908547043800354
20220209	1066	85	0.02022724412381649	0.11217422783374786
20220209	1066	86	0.0036646088119596243	0.023764021694660187
20220209	1066	87	0.008152836933732033	0.10649271309375763
20220209	1066	88	0.00753786601126194	0.04909233748912811
20220209	1066	89	1.4892178114678245e-05	0.22482901811599731
20220209	1066	90	0.00575140630826354	0.15051408112049103
20220209	1066	91	0.0014645186020061374	0.17738200724124908
20220209	1066	92	0.0013344865292310715	0.0017326570814475417
20220209	1066	93	2.1468291379278526e-05	0.044679392129182816
20220209	1066	94	0.02047099731862545	0.03427538648247719
20220209	1066	95	0.03143695741891861	0.060486044734716415
20220209	1066	96	0.007334780413657427	0.08421596884727478
20220209	1066	97	0.03669729828834534	0.18498647212982178
20220209	1066	98	0.017579270526766777	0.20875631272792816
20220209	1066	99	0.0422205813229084	0.026054291054606438
20220209	1066	100	1.7146814570878632e-05	0.022348856553435326
20220215	1067	1	0.008141368627548218	0.03221676126122475
20220215	1067	2	0.012496225535869598	6.5732052689782e-08
20220215	1067	3	0.021283790469169617	2.3953074901328364e-07
20220215	1067	4	0.016410179436206818	0.005848563741892576
20220215	1067	5	0.012641439214348793	0.008884216658771038
20220215	1067	6	0.0007656626985408366	0.00036127844941802323
20220215	1067	7	0.014040142297744751	0.00851263664662838
20220215	1067	8	0.008006328716874123	0.20292457938194275
20220215	1067	9	0.034935660660266876	0.08171240240335464
20220215	1067	10	0.0001348337100353092	0.01497119851410389
20220215	1067	11	0.007222726941108704	0.0003020493022631854
20220215	1067	12	0.0005338992341421545	0.08298742026090622
20220215	1067	13	0.00021904002642259002	0.2824554145336151
20220215	1067	14	0.010622391477227211	3.268503496656194e-05
20220215	1067	15	0.00033174242707900703	0.04972787946462631
20220215	1067	16	0.04247671365737915	0.00011394154716981575
20220215	1067	17	0.06157972291111946	0.002360112266615033
20220215	1067	18	0.00302742887288332	0.0002800770744215697
20220215	1067	19	0.00010437479795655236	0.013119627721607685
20220215	1067	20	0.001310057588852942	0.0028030690737068653
20220215	1067	21	0.014025816693902016	7.3357145993213635e-06
20220215	1067	22	0.021297631785273552	0.0383211225271225
20220215	1067	23	0.0003408714837860316	0.04367594048380852
20220215	1067	24	0.011567014269530773	4.9142607167596e-05
20220215	1067	25	5.239675738266669e-05	0.0006853934610262513
20220215	1067	26	0.015189604833722115	0.0750657394528389
20220215	1067	27	0.021892022341489792	1.1025709682144225e-05
20220215	1067	28	0.02542026899755001	0.05654022470116615
20220215	1067	29	0.012684214860200882	0.047577422112226486
20220215	1067	30	0.022624226287007332	0.0002951628412120044
20220215	1067	31	0.04526805505156517	0.030791478231549263
20220215	1067	32	0.030613990500569344	6.810261402279139e-05
20220215	1067	33	0.0070047806948423386	0.16759780049324036
20220215	1067	34	0.03291153162717819	0.03537667170166969
20220215	1067	35	0.06808580458164215	0.33950307965278625
20220215	1067	36	0.004804940428584814	0.18764792382717133
20220215	1067	37	0.0001186281515401788	7.984077456058003e-06
20220215	1067	38	0.00950541254132986	0.2663341164588928
20220215	1067	39	0.004129053559154272	0.07755964249372482
20220215	1067	40	1.1575193639146164e-05	0.28838565945625305
20220215	1067	41	0.015865132212638855	5.544010127778165e-05
20220215	1067	42	0.00010944559471681714	0.00033369832090102136
20220215	1067	43	7.774422556394711e-05	0.0014397053746506572
20220215	1067	44	0.013156185857951641	0.014437966980040073
20220215	1067	45	7.808577356627211e-05	1.0243757060379721e-06
20220215	1067	46	0.0030157873407006264	0.08232265710830688
20220215	1067	47	0.0007496815524064004	0.016330216079950333
20220215	1067	48	7.527971774834441e-07	0.002791918581351638
20220215	1067	49	2.0503623090917245e-05	9.839910489972681e-05
20220215	1067	50	0.03252521529793739	2.6692741812439635e-06
20220215	1067	51	0.010539740324020386	4.502166120801121e-06
20220215	1067	52	1.3425822544377297e-05	0.14214159548282623
20220215	1067	53	0.019032705575227737	0.05011998862028122
20220215	1067	54	0.00013052221038378775	0.026839271187782288
20220215	1067	55	0.009902496822178364	0.10031735897064209
20220215	1067	56	0.0030142401810735464	0.05206833779811859
20220215	1067	57	0.014837081544101238	0.010138004086911678
20220215	1067	58	0.0023130131885409355	0.005990249570459127
20220215	1067	59	0.007086541038006544	0.10656385868787766
20220215	1067	60	6.120267062215135e-05	0.06745368242263794
20220215	1067	61	5.412737664300948e-06	0.3809022009372711
20220215	1067	62	0.0034808064810931683	0.018087072297930717
20220215	1067	63	0.012071207165718079	0.04450703412294388
20220215	1067	64	9.282630912821332e-07	0.1716942936182022
20220215	1067	65	0.017681090161204338	0.158294677734375
20220215	1067	66	0.005061695817857981	0.15847080945968628
20220215	1067	67	4.8475856601726264e-05	0.3865707516670227
20220215	1067	68	1.475744824119829e-07	0.08958248794078827
20220215	1067	69	0.012503478676080704	0.025301311165094376
20220215	1067	70	0.014358939602971077	0.00010378361184848472
20220215	1067	71	0.009182555601000786	0.00992946233600378
20220215	1067	72	4.465463280212134e-05	0.11187244951725006
20220215	1067	73	0.005824655294418335	0.04379129037261009
20220215	1067	74	0.016061406582593918	0.22233045101165771
20220215	1067	75	0.009960331954061985	0.2397141307592392
20220215	1067	76	0.0013964971294626594	0.005139992106705904
20220215	1067	77	0.008833978325128555	0.008647198788821697
20220215	1067	78	0.004549672361463308	0.3453831672668457
20220215	1067	79	0.0017682992620393634	0.020279591903090477
20220215	1067	80	0.00078741111792624	0.19178348779678345
20220215	1067	81	0.013973780907690525	0.10946821421384811
20220215	1067	82	0.009086567908525467	0.3585135340690613
20220215	1067	83	0.002216312102973461	0.07427715510129929
20220215	1067	84	0.0019077829783782363	0.25960788130760193
20220215	1067	85	0.008220333606004715	0.05598767474293709
20220215	1067	86	1.6791042071417905e-05	0.028537331148982048
20220215	1067	87	0.006295729428529739	0.05643824487924576
20220215	1067	88	7.821792678441852e-05	0.059467338025569916
20220215	1067	89	0.007222565356642008	2.1056489174497983e-07
20220215	1067	90	3.975567960878834e-05	0.012095165438950062
20220215	1067	91	1.5072608903210494e-06	4.350670224084752e-06
20220215	1067	92	0.007420282810926437	0.06783977150917053
20220215	1067	93	5.2948203119740356e-06	0.1729307621717453
20220215	1067	94	1.0032231330114882e-06	0.13136523962020874
20220215	1067	95	2.6877039545070147e-06	0.026101872324943542
20220215	1067	96	0.0005982975708320737	0.05650385841727257
20220215	1067	97	3.363672362866055e-07	0.1641884595155716
20220215	1067	98	0.00101582077331841	0.00016802467871457338
20220215	1067	99	0.006017005071043968	0.02498651295900345
20220215	1067	100	0.00013643705460708588	0.03625708818435669
